pelvis_tilt.offset               	0.013218081	0.016691953	0.0089591465	
pelvis_list.offset               	0.0075589393	0.0039461311	0.0089496954	
pelvis_rotation.offset           	0.030597431	0.040242359	0.0089701673	
pelvis_tz.offset                 	0.077486255	0.08043345	0.0089576857	
hip_flexion_r.offset             	-0.088896576	-0.080110142	0.0089618284	
hip_adduction_r.offset           	-0.013827602	-0.0034290135	0.0089678742	
hip_rotation_r.offset            	0.2003776	0.19367802	0.0089847668	
knee_angle_r.offset              	-0.059394255	-0.074955119	0.0089568707	
ankle_angle_r.offset             	-0.0031666495	0.0016557692	0.0089661373	
hip_flexion_l.offset             	-0.055405914	-0.060009946	0.0089675157	
hip_adduction_l.offset           	-0.0052405614	-0.0067323473	0.0089617802	
hip_rotation_l.offset            	0.16862898	0.19174121	0.0089614791	
knee_angle_l.offset              	-0.17359159	-0.17759087	0.0089693894	
ankle_angle_l.offset             	-0.0029799205	-0.021906182	0.0089637863	
lumbar_extension.offset          	0.11955207	0.13319547	0.0089686187	
lumbar_bending.offset            	-0.039766723	-0.039053271	0.0089616529	
lumbar_rotation.offset           	0.022215782	0.023669364	0.0089636928	
stance_load_threshold            	0.16640908	0.17312602	0.0089638464	
S11111.tib_ant.KL                	2.8139038	2.6521668	0.089675142	
S11111.tib_ant.L0                	0.66582352	0.67345639	0.0089648593	
S11111.tib_ant-soleus.KF         	-0.27148994	-0.28643255	0.0089794906	
S00111.soleus.KF                 	1.5140143	1.4191053	0.089549238	
S00111.gastroc.KF                	2.2515807	2.3245661	0.089722031	
S00011.vasti.KF                  	0.41630634	0.42439505	0.08972078	
S00011.vasti.C0                  	0.10486391	0.10411799	0.0089724687	
S00011.vasti-knee_angle.pos_max  	-0.30513547	-0.29990183	0.0089648058	
S00011.hamstrings-pelvis_tilt.KP 	3.0738503	2.9449901	0.089832252	
S00011.hamstrings-pelvis_tilt.KV 	0.15226111	0.15895781	0.0089623457	
S00011.hamstrings-pelvis_tilt.C0 	0.085683559	0.10610378	0.0089643256	
S00011.glut_max-pelvis_tilt.KP   	2.6566448	2.5440459	0.089767706	
S00011.glut_max-pelvis_tilt.KV   	0.2112029	0.20666054	0.0089758062	
S00011.glut_max-pelvis_tilt.C0   	0.039251646	0.035811971	0.0089655501	
S00011.iliopsoas-pelvis_tilt.KP  	-1.6569965	-1.7612077	0.089766319	
S00011.iliopsoas-pelvis_tilt.KV  	-0.45773809	-0.44442374	0.0089656497	
S00011.iliopsoas-pelvis_tilt.C0  	0.21800118	0.21547662	0.0089548285	
S10011.abd_r-pelvis_list_l.KP    	1.7805463	1.7619649	0.089647892	
S10011.abd_r-pelvis_list_l.KV    	0.33505364	0.31501135	0.0089961589	
S10011.abd_r-pelvis_list_l.C0    	0.06833689	0.07815736	0.0089671116	
S10011.abd_l-pelvis_list_l.KP    	-1.4891543	-1.4206308	0.089988348	
S10011.abd_l-pelvis_list_l.KV    	-0.22023358	-0.22624777	0.0089820856	
S10011.abd_l-pelvis_list_l.C0    	0.052647747	0.055329343	0.0089718386	
S10011.abd_r-pelvis_list_r.KP    	2.0070871	2.0182338	0.089655346	
S10011.abd_r-pelvis_list_r.KV    	0.20811744	0.22427969	0.0089775053	
S10011.abd_r-pelvis_list_r.C0    	0.014258337	0.022520773	0.0089592632	
S10011.abd_l-pelvis_list_r.KP    	-1.8944959	-1.830006	0.089678957	
S10011.abd_l-pelvis_list_r.KV    	-0.21776692	-0.2170876	0.008973657	
S10011.abd_l-pelvis_list_r.C0    	0.048551655	0.027862159	0.0089725887	
S00100.iliopsoas.C0              	0.37239974	0.38420094	0.0089661823	
S00100.glut_max.C0               	-0.3872122	-0.3698483	0.0089713032	
S00100.rect_fem.KL               	0.19845263	0.12420856	0.089684217	
S00100.rect_fem.L0               	0.59010309	0.59256151	0.0089766347	
S01000.bifemsh.KL                	0.18516579	0.10785967	0.089522328	
S01000.bifemsh.L0                	0.56003879	0.57046381	0.0089668921	
S11000.iliopsoas.KL              	0.47667986	0.47161586	0.0089802263	
S11000.iliopsoas.L0              	0.67826098	0.67474859	0.0089707428	
S11000.iliopsoas-pelvis_tilt.P0  	-0.0019007034	-0.011071386	0.0089788944	
S11000.iliopsoas-pelvis_tilt.KP  	0.87775601	0.90582944	0.089577594	
S11000.iliopsoas-pelvis_tilt.KV  	0.21323217	0.20339239	0.0089671782	
S11000.iliopsoas-hamstrings.KL   	-0.42657938	-1.2288621	0.35853276	
S11000.iliopsoas-hamstrings.L0   	0.88768112	0.90231657	0.0089652998	
S11000.hamstrings.KF             	0.85525843	0.8551699	0.0089661269	
S11000.glut_max.KF               	0.52556445	0.52301958	0.0089688954	
S00100.add-hip_adduction.KP      	1.9059495	1.8729309	0.089556991	
S00100.add-hip_adduction.KV      	0.25012034	0.24802251	0.0089683121	
S00100.add-hip_adduction.C0      	0.040247483	0.047120383	0.008966522	
lumbar_joints.lumbar_extension.KP	63.8666	62.585131	6.7256594	
lumbar_joints.lumbar_extension.KV	6.1120181	6.2632326	0.53930858	
lumbar_joints.lumbar_extension.C0	0.096176777	0.090069646	0.0089629805	
lumbar_joints.lumbar_bending.KP  	90.694885	84.407157	6.7158246	
lumbar_joints.lumbar_bending.KV  	5.7036301	4.3016724	0.62845863	
lumbar_joints.lumbar_bending.C0  	0.0561835	0.054840752	0.0089650969	
