pelvis_tilt.offset               	0.024453645	0.01657954	0.008285796	
pelvis_list.offset               	0.0061281019	-0.0011102236	0.0082688169	
pelvis_rotation.offset           	0.041210419	0.041899934	0.0083163018	
pelvis_tz.offset                 	0.087613779	0.077964612	0.0083015167	
hip_flexion_r.offset             	-0.095694734	-0.096885163	0.0083074966	
hip_adduction_r.offset           	-0.0064382607	-0.0057312907	0.0083236589	
hip_rotation_r.offset            	0.19505434	0.19511627	0.0083209896	
knee_angle_r.offset              	-0.07168772	-0.075709053	0.0082973592	
ankle_angle_r.offset             	-0.015132864	-0.009712565	0.0083262151	
hip_flexion_l.offset             	-0.05078322	-0.051903215	0.0083161867	
hip_adduction_l.offset           	-0.0070626207	-0.0018267219	0.0083085438	
hip_rotation_l.offset            	0.18693571	0.18671271	0.0083168899	
knee_angle_l.offset              	-0.18516239	-0.18366944	0.0083195192	
ankle_angle_l.offset             	-0.020411562	-0.01843299	0.0083182756	
lumbar_extension.offset          	0.11982471	0.13052638	0.0083021711	
lumbar_bending.offset            	-0.054696671	-0.039729215	0.0083042436	
lumbar_rotation.offset           	0.01689108	0.027233909	0.0083042149	
stance_load_threshold            	0.17956146	0.17619334	0.0083010603	
S11111.tib_ant.KL                	2.5710927	2.6270288	0.083239342	
S11111.tib_ant.L0                	0.66840373	0.6614244	0.008326645	
S11111.tib_ant-soleus.KF         	-0.29392526	-0.28914657	0.0083245693	
S00111.soleus.KF                 	1.5216503	1.4019166	0.082837852	
S00111.gastroc.KF                	2.4487189	2.3357782	0.083108448	
S00011.vasti.KF                  	0.55336388	0.46589457	0.083390557	
S00011.vasti.C0                  	0.098908684	0.1054631	0.008292242	
S00011.vasti-knee_angle.pos_max  	-0.28004351	-0.3028264	0.0083069965	
S00011.hamstrings-pelvis_tilt.KP 	2.8825122	2.9837463	0.083346319	
S00011.hamstrings-pelvis_tilt.KV 	0.1403359	0.14772841	0.0083233431	
S00011.hamstrings-pelvis_tilt.C0 	0.098928347	0.10332347	0.0083305182	
S00011.glut_max-pelvis_tilt.KP   	2.4130716	2.5715477	0.083118477	
S00011.glut_max-pelvis_tilt.KV   	0.20917914	0.21034443	0.0083327333	
S00011.glut_max-pelvis_tilt.C0   	0.032561477	0.034754687	0.0083229197	
S00011.iliopsoas-pelvis_tilt.KP  	-1.6213047	-1.6843492	0.083221692	
S00011.iliopsoas-pelvis_tilt.KV  	-0.45849403	-0.44164701	0.0083227252	
S00011.iliopsoas-pelvis_tilt.C0  	0.23003859	0.21421477	0.008284789	
S10011.abd_r-pelvis_list_l.KP    	1.5346453	1.6823405	0.083014667	
S10011.abd_r-pelvis_list_l.KV    	0.29821063	0.31502946	0.0083459216	
S10011.abd_r-pelvis_list_l.C0    	0.073619851	0.075273377	0.0083056548	
S10011.abd_l-pelvis_list_l.KP    	-1.473147	-1.3935949	0.083282482	
S10011.abd_l-pelvis_list_l.KV    	-0.22049452	-0.22425837	0.0083289951	
S10011.abd_l-pelvis_list_l.C0    	0.059207513	0.055601371	0.0083052381	
S10011.abd_r-pelvis_list_r.KP    	1.9711147	1.9996248	0.082847816	
S10011.abd_r-pelvis_list_r.KV    	0.22201773	0.22004333	0.0083236317	
S10011.abd_r-pelvis_list_r.C0    	0.014315109	0.018767262	0.00829107	
S10011.abd_l-pelvis_list_r.KP    	-1.9743137	-1.8957176	0.083104551	
S10011.abd_l-pelvis_list_r.KV    	-0.2147839	-0.21514488	0.0083129581	
S10011.abd_l-pelvis_list_r.C0    	0.019334391	0.027806038	0.0083419746	
S00100.iliopsoas.C0              	0.3698686	0.37588587	0.0083202177	
S00100.glut_max.C0               	-0.36532932	-0.36977003	0.0083178997	
S00100.rect_fem.KL               	0.073535194	0.10031275	0.082854801	
S00100.rect_fem.L0               	0.58780838	0.57999238	0.0083546927	
S01000.bifemsh.KL                	0.33571458	0.19259754	0.082900855	
S01000.bifemsh.L0                	0.58316384	0.57928117	0.0083186126	
S11000.iliopsoas.KL              	0.4862073	0.47260338	0.0083094822	
S11000.iliopsoas.L0              	0.68342071	0.68195645	0.0083198114	
S11000.iliopsoas-pelvis_tilt.P0  	-0.011576123	-0.0018022272	0.008327647	
S11000.iliopsoas-pelvis_tilt.KP  	1.0358426	0.96737176	0.082978421	
S11000.iliopsoas-pelvis_tilt.KV  	0.20657018	0.20694277	0.0083025276	
S11000.iliopsoas-hamstrings.KL   	-1.1704481	-0.94497687	0.33205901	
S11000.iliopsoas-hamstrings.L0   	0.887471	0.90572376	0.0083280832	
S11000.hamstrings.KF             	0.85976165	0.8541672	0.0082969661	
S11000.glut_max.KF               	0.52181149	0.51882357	0.0083374076	
S00100.add-hip_adduction.KP      	1.9642191	1.9246524	0.082984399	
S00100.add-hip_adduction.KV      	0.24103081	0.25040706	0.0082947599	
S00100.add-hip_adduction.C0      	0.061036464	0.05165662	0.0082974595	
lumbar_joints.lumbar_extension.KP	63.178261	67.392108	6.2243815	
lumbar_joints.lumbar_extension.KV	6.072437	6.3101993	0.49892401	
lumbar_joints.lumbar_extension.C0	0.093682735	0.091340069	0.0083222297	
lumbar_joints.lumbar_bending.KP  	79.853284	87.04542	6.2231508	
lumbar_joints.lumbar_bending.KV  	3.5947443	4.162057	0.58320829	
lumbar_joints.lumbar_bending.C0  	0.053318549	0.052651863	0.0083120258	
