pelvis_tilt.offset               	0.019288353	0.016147267	0.0080602271	
pelvis_list.offset               	0.0026456302	0.0016770356	0.0080241334	
pelvis_rotation.offset           	0.039310434	0.042521334	0.0080773521	
pelvis_tz.offset                 	0.071610253	0.079452931	0.0080807893	
hip_flexion_r.offset             	-0.081979845	-0.097120404	0.0080828972	
hip_adduction_r.offset           	0.01484646	0.0069670092	0.0081025385	
hip_rotation_r.offset            	0.2070569	0.19995366	0.0081010906	
knee_angle_r.offset              	-0.080583134	-0.076426632	0.0080515454	
ankle_angle_r.offset             	-0.014039025	-0.0095588796	0.0081013745	
hip_flexion_l.offset             	-0.03999194	-0.053113615	0.0080749395	
hip_adduction_l.offset           	-0.0028392795	0.00086643572	0.0080682652	
hip_rotation_l.offset            	0.19056748	0.18139029	0.0080945883	
knee_angle_l.offset              	-0.16926161	-0.18357359	0.0080855601	
ankle_angle_l.offset             	-0.020553073	-0.017223131	0.0080805087	
lumbar_extension.offset          	0.13641396	0.13066381	0.0080681769	
lumbar_bending.offset            	-0.042186301	-0.045841902	0.0080791222	
lumbar_rotation.offset           	0.030459255	0.027587187	0.0080852626	
stance_load_threshold            	0.17260335	0.17911812	0.0080765968	
S11111.tib_ant.KL                	2.54666	2.6533523	0.081013562	
S11111.tib_ant.L0                	0.6629489	0.66009316	0.0080975675	
S11111.tib_ant-soleus.KF         	-0.28926526	-0.28829048	0.0081034445	
S00111.soleus.KF                 	1.4082832	1.3991767	0.080547677	
S00111.gastroc.KF                	2.3566169	2.3689061	0.080967201	
S00011.vasti.KF                  	0.46222392	0.50181784	0.081076352	
S00011.vasti.C0                  	0.10792461	0.10375253	0.0080575904	
S00011.vasti-knee_angle.pos_max  	-0.2957119	-0.29770352	0.0080780362	
S00011.hamstrings-pelvis_tilt.KP 	3.0499626	2.9860643	0.081222323	
S00011.hamstrings-pelvis_tilt.KV 	0.14105098	0.14863945	0.0081012428	
S00011.hamstrings-pelvis_tilt.C0 	0.099737901	0.10638461	0.0081073589	
S00011.glut_max-pelvis_tilt.KP   	2.4944763	2.5496736	0.080967451	
S00011.glut_max-pelvis_tilt.KV   	0.22114029	0.21321615	0.0080968604	
S00011.glut_max-pelvis_tilt.C0   	0.038890733	0.033410815	0.0080807109	
S00011.iliopsoas-pelvis_tilt.KP  	-1.7261897	-1.6799425	0.080843509	
S00011.iliopsoas-pelvis_tilt.KV  	-0.44534428	-0.44115137	0.0080952756	
S00011.iliopsoas-pelvis_tilt.C0  	0.22086251	0.21313249	0.0080680804	
S10011.abd_r-pelvis_list_l.KP    	1.6191265	1.6673201	0.080735678	
S10011.abd_r-pelvis_list_l.KV    	0.30144501	0.30856022	0.0081313969	
S10011.abd_r-pelvis_list_l.C0    	0.070929904	0.068336644	0.0080986451	
S10011.abd_l-pelvis_list_l.KP    	-1.4152824	-1.4653579	0.081005219	
S10011.abd_l-pelvis_list_l.KV    	-0.23763767	-0.23019317	0.0081084917	
S10011.abd_l-pelvis_list_l.C0    	0.050150143	0.059882006	0.0080778635	
S10011.abd_r-pelvis_list_r.KP    	2.1248008	2.0460871	0.080625381	
S10011.abd_r-pelvis_list_r.KV    	0.22750109	0.22026485	0.0081097118	
S10011.abd_r-pelvis_list_r.C0    	0.014071261	0.015495747	0.008058109	
S10011.abd_l-pelvis_list_r.KP    	-1.8102418	-1.8565063	0.080879149	
S10011.abd_l-pelvis_list_r.KV    	-0.22504989	-0.21741354	0.0080842792	
S10011.abd_l-pelvis_list_r.C0    	0.026336033	0.02468337	0.0081170184	
S00100.iliopsoas.C0              	0.38268827	0.38099087	0.0081191665	
S00100.glut_max.C0               	-0.37284602	-0.36858888	0.0080811889	
S00100.rect_fem.KL               	0.2274122	0.14262252	0.080486507	
S00100.rect_fem.L0               	0.57947433	0.58094906	0.0081262428	
S01000.bifemsh.KL                	0.19478444	0.22206115	0.080639278	
S01000.bifemsh.L0                	0.57089899	0.57240771	0.0080813481	
S11000.iliopsoas.KL              	0.48148065	0.47711873	0.0080823464	
S11000.iliopsoas.L0              	0.67771336	0.68652121	0.0080973875	
S11000.iliopsoas-pelvis_tilt.P0  	-0.020605246	-0.0043196434	0.0080920154	
S11000.iliopsoas-pelvis_tilt.KP  	0.98753953	1.0316171	0.080742634	
S11000.iliopsoas-pelvis_tilt.KV  	0.20964555	0.21183475	0.0080700274	
S11000.iliopsoas-hamstrings.KL   	-0.53591961	-0.91825197	0.32347051	
S11000.iliopsoas-hamstrings.L0   	0.90540014	0.90287536	0.0081293267	
S11000.hamstrings.KF             	0.85210289	0.84899221	0.0080744328	
S11000.glut_max.KF               	0.52097105	0.52034293	0.0081083485	
S00100.add-hip_adduction.KP      	2.0213516	1.9101154	0.080751254	
S00100.add-hip_adduction.KV      	0.25950348	0.24938594	0.0080703582	
S00100.add-hip_adduction.C0      	0.049027471	0.052323828	0.0080676237	
lumbar_joints.lumbar_extension.KP	75.62964	74.943252	6.072988	
lumbar_joints.lumbar_extension.KV	6.204206	6.1632336	0.48490336	
lumbar_joints.lumbar_extension.C0	0.092832919	0.089500622	0.0080881107	
lumbar_joints.lumbar_bending.KP  	85.488	86.972683	6.0511405	
lumbar_joints.lumbar_bending.KV  	4.4261521	4.5255059	0.56819165	
lumbar_joints.lumbar_bending.C0  	0.072942654	0.058458656	0.0080797319	
