pelvis_tilt.offset               	0.0072183965	0.0202769	0.008019664	
pelvis_list.offset               	-0.0019754019	0.002843723	0.007975418	
pelvis_rotation.offset           	0.039698712	0.042738274	0.0080428226	
pelvis_tz.offset                 	0.069038273	0.076446693	0.0080420023	
hip_flexion_r.offset             	-0.099674347	-0.093672967	0.0080495683	
hip_adduction_r.offset           	0.014617915	0.0074983786	0.0080647373	
hip_rotation_r.offset            	0.19711479	0.19944374	0.0080575422	
knee_angle_r.offset              	-0.086024986	-0.077780187	0.008011424	
ankle_angle_r.offset             	-0.014491472	-0.010530254	0.0080569779	
hip_flexion_l.offset             	-0.064051636	-0.050073859	0.0080427295	
hip_adduction_l.offset           	-0.008046316	-0.00093073375	0.0080201745	
hip_rotation_l.offset            	0.17173099	0.18353954	0.0080689996	
knee_angle_l.offset              	-0.18131962	-0.18019931	0.0080499223	
ankle_angle_l.offset             	-0.02148882	-0.014065854	0.0080465003	
lumbar_extension.offset          	0.13693863	0.13172803	0.0080254038	
lumbar_bending.offset            	-0.048250328	-0.045095403	0.00803383	
lumbar_rotation.offset           	0.039861038	0.027498136	0.0080384468	
stance_load_threshold            	0.18714772	0.17892219	0.0080375884	
S11111.tib_ant.KL                	2.5150937	2.6474364	0.080607246	
S11111.tib_ant.L0                	0.6731188	0.65962978	0.0080534969	
S11111.tib_ant-soleus.KF         	-0.30311586	-0.28886619	0.0080590392	
S00111.soleus.KF                 	1.3591031	1.3800649	0.080164428	
S00111.gastroc.KF                	2.4044815	2.3612139	0.080511884	
S00011.vasti.KF                  	0.55901712	0.49808887	0.080745059	
S00011.vasti.C0                  	0.11487896	0.1055713	0.0080100989	
S00011.vasti-knee_angle.pos_max  	-0.29249063	-0.29728298	0.0080316243	
S00011.hamstrings-pelvis_tilt.KP 	2.8986549	2.9818888	0.080799331	
S00011.hamstrings-pelvis_tilt.KV 	0.13666559	0.14767567	0.0080732415	
S00011.hamstrings-pelvis_tilt.C0 	0.10639673	0.10470208	0.0080733885	
S00011.glut_max-pelvis_tilt.KP   	2.6130706	2.5375876	0.080489368	
S00011.glut_max-pelvis_tilt.KV   	0.21596468	0.21372344	0.0080588903	
S00011.glut_max-pelvis_tilt.C0   	0.040458908	0.035348577	0.008039519	
S00011.iliopsoas-pelvis_tilt.KP  	-1.7882721	-1.6470903	0.080512186	
S00011.iliopsoas-pelvis_tilt.KV  	-0.43976896	-0.44314642	0.0080531922	
S00011.iliopsoas-pelvis_tilt.C0  	0.20395981	0.21626626	0.0080337668	
S10011.abd_r-pelvis_list_l.KP    	1.5743047	1.6805678	0.080347946	
S10011.abd_r-pelvis_list_l.KV    	0.30440296	0.3069974	0.0080924896	
S10011.abd_r-pelvis_list_l.C0    	0.075109551	0.069597207	0.008060216	
S10011.abd_l-pelvis_list_l.KP    	-1.5271392	-1.4699516	0.080560082	
S10011.abd_l-pelvis_list_l.KV    	-0.24577363	-0.22998264	0.0080680206	
S10011.abd_l-pelvis_list_l.C0    	0.057711797	0.061019965	0.0080420658	
S10011.abd_r-pelvis_list_r.KP    	2.1599648	2.0737071	0.080229765	
S10011.abd_r-pelvis_list_r.KV    	0.22827433	0.22249387	0.008066791	
S10011.abd_r-pelvis_list_r.C0    	0.015704778	0.01572703	0.0080121669	
S10011.abd_l-pelvis_list_r.KP    	-1.8234749	-1.8638221	0.080416775	
S10011.abd_l-pelvis_list_r.KV    	-0.22152876	-0.22063517	0.0080432779	
S10011.abd_l-pelvis_list_r.C0    	0.0061740812	0.024257406	0.0080767931	
S00100.iliopsoas.C0              	0.37465664	0.38205023	0.0080712174	
S00100.glut_max.C0               	-0.35666074	-0.36775176	0.0080529986	
S00100.rect_fem.KL               	0.089471929	0.1775501	0.080089143	
S00100.rect_fem.L0               	0.58736021	0.5800669	0.0080870353	
S01000.bifemsh.KL                	0.22450823	0.21921764	0.080230313	
S01000.bifemsh.L0                	0.56747745	0.57044234	0.0080403637	
S11000.iliopsoas.KL              	0.47895168	0.47801301	0.0080425223	
S11000.iliopsoas.L0              	0.69917833	0.68701428	0.0080560557	
S11000.iliopsoas-pelvis_tilt.P0  	-0.005694369	-0.0061305322	0.0080598169	
S11000.iliopsoas-pelvis_tilt.KP  	1.1013419	1.0318716	0.080315896	
S11000.iliopsoas-pelvis_tilt.KV  	0.21557319	0.20917682	0.0080381545	
S11000.iliopsoas-hamstrings.KL   	-0.90432182	-0.67883094	0.32250701	
S11000.iliopsoas-hamstrings.L0   	0.89753246	0.90236097	0.0080832071	
S11000.hamstrings.KF             	0.83595763	0.84814878	0.0080366669	
S11000.glut_max.KF               	0.51452073	0.52239036	0.0080639158	
S00100.add-hip_adduction.KP      	1.9488185	1.9381965	0.080334676	
S00100.add-hip_adduction.KV      	0.23272773	0.25186328	0.0080415974	
S00100.add-hip_adduction.C0      	0.052922341	0.052239882	0.0080225884	
lumbar_joints.lumbar_extension.KP	83.470972	77.9457	6.0474277	
lumbar_joints.lumbar_extension.KV	5.4046061	6.0791567	0.48207511	
lumbar_joints.lumbar_extension.C0	0.079859747	0.090707649	0.0080453878	
lumbar_joints.lumbar_bending.KP  	89.679698	86.38253	6.0169601	
lumbar_joints.lumbar_bending.KV  	4.4721071	4.3220345	0.56543946	
lumbar_joints.lumbar_bending.C0  	0.066071169	0.061641813	0.0080418996	
