pelvis_tilt.offset               	0.010831933	0.020632775	0.0078990014	
pelvis_list.offset               	-0.0095706357	-0.0024390374	0.0078415486	
pelvis_rotation.offset           	0.044262398	0.04298123	0.0079064174	
pelvis_tz.offset                 	0.095403821	0.076955125	0.0079167472	
hip_flexion_r.offset             	-0.10329764	-0.09820237	0.0079255043	
hip_adduction_r.offset           	0.012642528	0.0065924118	0.0079350055	
hip_rotation_r.offset            	0.21307025	0.20120448	0.0079215461	
knee_angle_r.offset              	-0.081085258	-0.076989402	0.0078789129	
ankle_angle_r.offset             	-0.011398568	-0.0089396816	0.0079346902	
hip_flexion_l.offset             	-0.049921667	-0.057779889	0.007919974	
hip_adduction_l.offset           	-0.012018591	-0.0043707924	0.0079019523	
hip_rotation_l.offset            	0.18892919	0.1776198	0.0079546521	
knee_angle_l.offset              	-0.17938173	-0.17982484	0.0079234853	
ankle_angle_l.offset             	-0.0153154	-0.013359544	0.0079222884	
lumbar_extension.offset          	0.13569866	0.13300835	0.0078974636	
lumbar_bending.offset            	-0.047064994	-0.042959549	0.0079084658	
lumbar_rotation.offset           	0.03369517	0.027218741	0.007912371	
stance_load_threshold            	0.18166112	0.17921181	0.00790158	
S11111.tib_ant.KL                	2.5836833	2.6281577	0.079327857	
S11111.tib_ant.L0                	0.68589587	0.66472942	0.007948121	
S11111.tib_ant-soleus.KF         	-0.28164724	-0.28888645	0.0079390249	
S00111.soleus.KF                 	1.3074291	1.3397805	0.078881841	
S00111.gastroc.KF                	2.4659488	2.3529632	0.079206659	
S00011.vasti.KF                  	0.44430028	0.50355027	0.079633848	
S00011.vasti.C0                  	0.11492747	0.10773777	0.0078839861	
S00011.vasti-knee_angle.pos_max  	-0.30025267	-0.30056924	0.0079088663	
S00011.hamstrings-pelvis_tilt.KP 	3.0543803	2.9545707	0.079631153	
S00011.hamstrings-pelvis_tilt.KV 	0.14769455	0.14505771	0.0079465873	
S00011.hamstrings-pelvis_tilt.C0 	0.094289712	0.1013016	0.0079431415	
S00011.glut_max-pelvis_tilt.KP   	2.3662036	2.5615673	0.079307143	
S00011.glut_max-pelvis_tilt.KV   	0.2053063	0.21038373	0.0079354923	
S00011.glut_max-pelvis_tilt.C0   	0.039108474	0.031980704	0.0079111363	
S00011.iliopsoas-pelvis_tilt.KP  	-1.7239497	-1.6567187	0.079329229	
S00011.iliopsoas-pelvis_tilt.KV  	-0.44919119	-0.44170002	0.0079396988	
S00011.iliopsoas-pelvis_tilt.C0  	0.21173383	0.21344169	0.0079127905	
S10011.abd_r-pelvis_list_l.KP    	1.710381	1.6674838	0.079188124	
S10011.abd_r-pelvis_list_l.KV    	0.31356185	0.30613427	0.0079699973	
S10011.abd_r-pelvis_list_l.C0    	0.053971552	0.066555336	0.0079272237	
S10011.abd_l-pelvis_list_l.KP    	-1.5947778	-1.4905781	0.079312547	
S10011.abd_l-pelvis_list_l.KV    	-0.23953448	-0.23312949	0.0079578265	
S10011.abd_l-pelvis_list_l.C0    	0.056157982	0.054979303	0.0079148561	
S10011.abd_r-pelvis_list_r.KP    	1.996958	2.0359413	0.078994326	
S10011.abd_r-pelvis_list_r.KV    	0.2282949	0.21925871	0.0079375471	
S10011.abd_r-pelvis_list_r.C0    	0.02316779	0.015335915	0.0078802077	
S10011.abd_l-pelvis_list_r.KP    	-1.6726671	-1.8102316	0.079193177	
S10011.abd_l-pelvis_list_r.KV    	-0.2170536	-0.22109029	0.0079226453	
S10011.abd_l-pelvis_list_r.C0    	0.014780003	0.02225649	0.0079673745	
S00100.iliopsoas.C0              	0.38278689	0.37536358	0.0079559405	
S00100.glut_max.C0               	-0.367111	-0.36535841	0.0079266846	
S00100.rect_fem.KL               	0.26849671	0.21045884	0.078929319	
S00100.rect_fem.L0               	0.56912441	0.58025464	0.0079663266	
S01000.bifemsh.KL                	0.11462408	0.2607865	0.078978051	
S01000.bifemsh.L0                	0.55328337	0.56717495	0.0079165664	
S11000.iliopsoas.KL              	0.48010057	0.47741363	0.0079157714	
S11000.iliopsoas.L0              	0.68042298	0.6858747	0.0079420761	
S11000.iliopsoas-pelvis_tilt.P0  	-0.018511197	-0.0081418706	0.0079349216	
S11000.iliopsoas-pelvis_tilt.KP  	1.003832	1.0869711	0.079227511	
S11000.iliopsoas-pelvis_tilt.KV  	0.20174935	0.20747524	0.0079142785	
S11000.iliopsoas-hamstrings.KL   	-0.98752207	-0.88908494	0.31767825	
S11000.iliopsoas-hamstrings.L0   	0.91165115	0.90126788	0.0079612605	
S11000.hamstrings.KF             	0.84212131	0.84675177	0.0079117631	
S11000.glut_max.KF               	0.52673092	0.5289562	0.0079539145	
S00100.add-hip_adduction.KP      	2.0677268	1.9654263	0.07905974	
S00100.add-hip_adduction.KV      	0.24886636	0.24836339	0.0079339651	
S00100.add-hip_adduction.C0      	0.05166033	0.050833837	0.0078931111	
lumbar_joints.lumbar_extension.KP	81.826232	78.615439	5.9575963	
lumbar_joints.lumbar_extension.KV	6.0337341	5.8656402	0.4749378	
lumbar_joints.lumbar_extension.C0	0.090417845	0.090941021	0.007920789	
lumbar_joints.lumbar_bending.KP  	91.503657	88.706629	5.9150558	
lumbar_joints.lumbar_bending.KV  	5.5077821	4.659826	0.55858109	
lumbar_joints.lumbar_bending.C0  	0.06086602	0.062122394	0.0079220892	
