pelvis_tilt.offset               	0.013991237	0.013031814	0.0048136995	
pelvis_list.offset               	-0.0039921133	-0.0017584514	0.0046763226	
pelvis_rotation.offset           	0.034873666	0.041817319	0.0047829458	
pelvis_tz.offset                 	0.077300549	0.077831571	0.0048541696	
hip_flexion_r.offset             	-0.096473174	-0.095315304	0.0048380775	
hip_adduction_r.offset           	0.010839877	0.010809396	0.0048056361	
hip_rotation_r.offset            	0.18467982	0.19173994	0.0048358085	
knee_angle_r.offset              	-0.076685275	-0.085415585	0.0048462328	
ankle_angle_r.offset             	0.0068614197	0.0026921567	0.0047809528	
hip_flexion_l.offset             	-0.06719695	-0.072375762	0.0048480361	
hip_adduction_l.offset           	-0.018097944	-0.013274141	0.0048596912	
hip_rotation_l.offset            	0.18731242	0.18403819	0.0048444917	
knee_angle_l.offset              	-0.15858993	-0.15533449	0.0049379887	
ankle_angle_l.offset             	-0.007224192	-0.011603912	0.0048158644	
lumbar_extension.offset          	0.13158477	0.12685007	0.0048091541	
lumbar_bending.offset            	-0.033392384	-0.031335567	0.0047618239	
lumbar_rotation.offset           	0.035827435	0.02215251	0.00482203	
stance_load_threshold            	0.1743435	0.16950172	0.0048406619	
S11111.tib_ant.KL                	2.6468161	2.7042794	0.048411576	
S11111.tib_ant.L0                	0.66747133	0.66719777	0.0048748289	
S11111.tib_ant-soleus.KF         	-0.29133256	-0.29276103	0.0048211692	
S00111.soleus.KF                 	1.4661745	1.5411999	0.048222834	
S00111.gastroc.KF                	2.2931005	2.2504162	0.048064325	
S00011.vasti.KF                  	0.34841816	0.4018762	0.048142434	
S00011.vasti.C0                  	0.11269094	0.11533209	0.00477395	
S00011.vasti-knee_angle.pos_max  	-0.31396344	-0.30530209	0.0048103582	
S00011.hamstrings-pelvis_tilt.KP 	3.044385	3.0228512	0.048872621	
S00011.hamstrings-pelvis_tilt.KV 	0.12365667	0.13013893	0.004875883	
S00011.hamstrings-pelvis_tilt.C0 	0.089617804	0.09139701	0.0048864475	
S00011.glut_max-pelvis_tilt.KP   	2.5171007	2.5808673	0.048492479	
S00011.glut_max-pelvis_tilt.KV   	0.18857081	0.19691203	0.0048770045	
S00011.glut_max-pelvis_tilt.C0   	0.027866458	0.023975393	0.0048170218	
S00011.iliopsoas-pelvis_tilt.KP  	-1.5569257	-1.6146831	0.048041019	
S00011.iliopsoas-pelvis_tilt.KV  	-0.46877733	-0.46867883	0.0048464306	
S00011.iliopsoas-pelvis_tilt.C0  	0.20356312	0.20966978	0.004818543	
S10011.abd_r-pelvis_list_l.KP    	1.7318222	1.7265658	0.048481766	
S10011.abd_r-pelvis_list_l.KV    	0.30923037	0.29990975	0.0048298468	
S10011.abd_r-pelvis_list_l.C0    	0.07490974	0.078030793	0.0048256616	
S10011.abd_l-pelvis_list_l.KP    	-1.627218	-1.5640278	0.048053188	
S10011.abd_l-pelvis_list_l.KV    	-0.24709307	-0.24180051	0.0048541026	
S10011.abd_l-pelvis_list_l.C0    	0.054668605	0.057889577	0.0047386796	
S10011.abd_r-pelvis_list_r.KP    	2.1892052	2.2345327	0.048557462	
S10011.abd_r-pelvis_list_r.KV    	0.21967148	0.2199263	0.0048241917	
S10011.abd_r-pelvis_list_r.C0    	0.023463629	0.022304858	0.0047463864	
S10011.abd_l-pelvis_list_r.KP    	-1.7388177	-1.7154842	0.0482051	
S10011.abd_l-pelvis_list_r.KV    	-0.21742379	-0.2195408	0.0048463911	
S10011.abd_l-pelvis_list_r.C0    	0.01635976	0.015887507	0.0047961941	
S00100.iliopsoas.C0              	0.3780452	0.37716017	0.0048724314	
S00100.glut_max.C0               	-0.36188785	-0.3645705	0.0047892425	
S00100.rect_fem.KL               	0.11330736	0.11385192	0.047452547	
S00100.rect_fem.L0               	0.56973806	0.56888121	0.0048555183	
S01000.bifemsh.KL                	0.11575112	0.16911267	0.048194939	
S01000.bifemsh.L0                	0.57843829	0.57885919	0.0048281671	
S11000.iliopsoas.KL              	0.48337996	0.47975344	0.0047838718	
S11000.iliopsoas.L0              	0.67373473	0.66650382	0.0048193673	
S11000.iliopsoas-pelvis_tilt.P0  	-0.033239944	-0.029736025	0.0047424768	
S11000.iliopsoas-pelvis_tilt.KP  	1.4046228	1.2989876	0.049424888	
S11000.iliopsoas-pelvis_tilt.KV  	0.20928172	0.2059976	0.0048426838	
S11000.iliopsoas-hamstrings.KL   	-1.1412872	-1.034404	0.19188764	
S11000.iliopsoas-hamstrings.L0   	0.90600855	0.90802566	0.0048483201	
S11000.hamstrings.KF             	0.85621888	0.84683283	0.0048281317	
S11000.glut_max.KF               	0.54078093	0.52923539	0.0048164475	
S00100.add-hip_adduction.KP      	1.9537499	1.9771608	0.049034817	
S00100.add-hip_adduction.KV      	0.24469904	0.24489584	0.0048659246	
S00100.add-hip_adduction.C0      	0.063985212	0.069241798	0.0048470562	
lumbar_joints.lumbar_extension.KP	78.242171	81.754068	3.6068006	
lumbar_joints.lumbar_extension.KV	6.0384347	6.128941	0.28756888	
lumbar_joints.lumbar_extension.C0	0.092628812	0.091777393	0.0048442946	
lumbar_joints.lumbar_bending.KP  	89.544276	85.07276	3.5459005	
lumbar_joints.lumbar_bending.KV  	5.8983107	5.1995664	0.34207311	
lumbar_joints.lumbar_bending.C0  	0.05942067	0.066799087	0.0048195392	
