pelvis_tilt.offset               	0.00516642	0.0075954751	0.0045565365	
pelvis_list.offset               	-0.006283909	-0.0078038075	0.0044279601	
pelvis_rotation.offset           	0.045927728	0.041211657	0.0045442068	
pelvis_tz.offset                 	0.079420093	0.077002684	0.0045892112	
hip_flexion_r.offset             	-0.094550993	-0.096133698	0.0045851736	
hip_adduction_r.offset           	0.011824606	0.010780865	0.0045545621	
hip_rotation_r.offset            	0.19075296	0.19102232	0.0045840215	
knee_angle_r.offset              	-0.079194208	-0.079697011	0.0046008626	
ankle_angle_r.offset             	-0.0003662815	0.0042065408	0.0045257302	
hip_flexion_l.offset             	-0.060958755	-0.06815821	0.0045959543	
hip_adduction_l.offset           	-0.0095135295	-0.0085621616	0.0046082441	
hip_rotation_l.offset            	0.18812099	0.18626444	0.0045808695	
knee_angle_l.offset              	-0.15103505	-0.15653345	0.0046802552	
ankle_angle_l.offset             	-0.0045865706	-0.0084626895	0.0045602583	
lumbar_extension.offset          	0.12216103	0.1290361	0.0045572999	
lumbar_bending.offset            	-0.02757677	-0.034053843	0.0045145446	
lumbar_rotation.offset           	0.024076883	0.023755094	0.004579881	
stance_load_threshold            	0.17384977	0.17073005	0.004576264	
S11111.tib_ant.KL                	2.6655462	2.6787504	0.045876057	
S11111.tib_ant.L0                	0.66975709	0.66960317	0.0046230034	
S11111.tib_ant-soleus.KF         	-0.28912153	-0.29073264	0.0045522416	
S00111.soleus.KF                 	1.565014	1.5102558	0.045611799	
S00111.gastroc.KF                	2.3150418	2.3059779	0.045545275	
S00011.vasti.KF                  	0.23983245	0.37929391	0.045483378	
S00011.vasti.C0                  	0.11148677	0.11581223	0.0045194395	
S00011.vasti-knee_angle.pos_max  	-0.30224184	-0.30589615	0.0045648146	
S00011.hamstrings-pelvis_tilt.KP 	3.0479209	3.0394914	0.046242958	
S00011.hamstrings-pelvis_tilt.KV 	0.13184414	0.13323578	0.0046312074	
S00011.hamstrings-pelvis_tilt.C0 	0.099055117	0.093021167	0.0046210654	
S00011.glut_max-pelvis_tilt.KP   	2.5406848	2.6193266	0.046055916	
S00011.glut_max-pelvis_tilt.KV   	0.19426981	0.19288706	0.0046247587	
S00011.glut_max-pelvis_tilt.C0   	0.03546611	0.028197138	0.0045552834	
S00011.iliopsoas-pelvis_tilt.KP  	-1.6589132	-1.6179629	0.045697248	
S00011.iliopsoas-pelvis_tilt.KV  	-0.46806181	-0.47077944	0.0046244331	
S00011.iliopsoas-pelvis_tilt.C0  	0.21712863	0.21466812	0.0045697538	
S10011.abd_r-pelvis_list_l.KP    	1.73409	1.7398692	0.0457788	
S10011.abd_r-pelvis_list_l.KV    	0.30329616	0.30004237	0.0045739614	
S10011.abd_r-pelvis_list_l.C0    	0.071926512	0.0717846	0.0045700542	
S10011.abd_l-pelvis_list_l.KP    	-1.6202409	-1.5766929	0.045753605	
S10011.abd_l-pelvis_list_l.KV    	-0.24698342	-0.24572277	0.0046077333	
S10011.abd_l-pelvis_list_l.C0    	0.06136558	0.058641917	0.0044779753	
S10011.abd_r-pelvis_list_r.KP    	2.2262877	2.2545443	0.046062459	
S10011.abd_r-pelvis_list_r.KV    	0.22142222	0.21858444	0.0045605764	
S10011.abd_r-pelvis_list_r.C0    	0.023004704	0.022642779	0.0044983011	
S10011.abd_l-pelvis_list_r.KP    	-1.7722567	-1.720182	0.045565882	
S10011.abd_l-pelvis_list_r.KV    	-0.22293734	-0.22480508	0.0045915625	
S10011.abd_l-pelvis_list_r.C0    	0.013545378	0.010262884	0.0045430369	
S00100.iliopsoas.C0              	0.39093242	0.38744225	0.0046379742	
S00100.glut_max.C0               	-0.37024563	-0.36555425	0.0045332452	
S00100.rect_fem.KL               	0.066598669	0.10945496	0.044967836	
S00100.rect_fem.L0               	0.5627333	0.56824066	0.0046082398	
S01000.bifemsh.KL                	0.20632587	0.14840924	0.045665099	
S01000.bifemsh.L0                	0.58895568	0.58018861	0.004566379	
S11000.iliopsoas.KL              	0.46968453	0.47911961	0.004545479	
S11000.iliopsoas.L0              	0.67563279	0.66840831	0.0045727412	
S11000.iliopsoas-pelvis_tilt.P0  	-0.024897318	-0.029489548	0.0044733149	
S11000.iliopsoas-pelvis_tilt.KP  	1.2462243	1.2718502	0.046820997	
S11000.iliopsoas-pelvis_tilt.KV  	0.20301149	0.21138792	0.0046079081	
S11000.iliopsoas-hamstrings.KL   	-0.99080583	-0.7780161	0.18183072	
S11000.iliopsoas-hamstrings.L0   	0.90302845	0.90027168	0.0046007182	
S11000.hamstrings.KF             	0.85180982	0.8485939	0.0045901283	
S11000.glut_max.KF               	0.52942663	0.53102183	0.0045617298	
S00100.add-hip_adduction.KP      	2.0502246	2.0231367	0.046520748	
S00100.add-hip_adduction.KV      	0.25048469	0.24773515	0.0046013244	
S00100.add-hip_adduction.C0      	0.077283382	0.067985627	0.0045759534	
lumbar_joints.lumbar_extension.KP	83.895327	80.315967	3.4166198	
lumbar_joints.lumbar_extension.KV	6.1654827	6.1830605	0.27176412	
lumbar_joints.lumbar_extension.C0	0.092819906	0.091359597	0.0045807716	
lumbar_joints.lumbar_bending.KP  	82.869234	84.768963	3.3523154	
lumbar_joints.lumbar_bending.KV  	5.0504543	5.2137134	0.32479442	
lumbar_joints.lumbar_bending.C0  	0.060724862	0.066735056	0.0045724346	
