pelvis_tilt.offset               	0.00036312524	0.0038480906	0.0029423511	
pelvis_list.offset               	-0.016111274	-0.013581656	0.0028634144	
pelvis_rotation.offset           	0.038965107	0.039109831	0.0029475972	
pelvis_tz.offset                 	0.071480274	0.072540229	0.0029661862	
hip_flexion_r.offset             	-0.083824587	-0.088884894	0.0029974943	
hip_adduction_r.offset           	0.014835321	0.015800099	0.0029596584	
hip_rotation_r.offset            	0.1835814	0.18293046	0.0029977913	
knee_angle_r.offset              	-0.084500725	-0.088892437	0.0030187961	
ankle_angle_r.offset             	0.0043056176	0.0019362424	0.0029351502	
hip_flexion_l.offset             	-0.059220774	-0.061795898	0.0030235541	
hip_adduction_l.offset           	0.012504784	0.0093467599	0.0030491697	
hip_rotation_l.offset            	0.19377693	0.1919013	0.0029821314	
knee_angle_l.offset              	-0.16088783	-0.15868748	0.0030683437	
ankle_angle_l.offset             	-0.013714706	-0.013982579	0.0029885555	
lumbar_extension.offset          	0.12330818	0.12460532	0.0029611825	
lumbar_bending.offset            	-0.029860457	-0.032558203	0.0029529192	
lumbar_rotation.offset           	0.01902993	0.022618198	0.0030019165	
stance_load_threshold            	0.1675325	0.16801733	0.0029900198	
S11111.tib_ant.KL                	2.619415	2.6071358	0.029787596	
S11111.tib_ant.L0                	0.67635746	0.6758472	0.0030165845	
S11111.tib_ant-soleus.KF         	-0.28389224	-0.29013619	0.0029737803	
S00111.soleus.KF                 	1.4754946	1.4575628	0.029719076	
S00111.gastroc.KF                	2.296335	2.2601259	0.029450087	
S00011.vasti.KF                  	0.26897334	0.30904766	0.029653435	
S00011.vasti.C0                  	0.11936536	0.12115723	0.0029618987	
S00011.vasti-knee_angle.pos_max  	-0.31263439	-0.30993854	0.0030031498	
S00011.hamstrings-pelvis_tilt.KP 	2.9774748	2.9859534	0.030232652	
S00011.hamstrings-pelvis_tilt.KV 	0.13428438	0.13675833	0.0030049331	
S00011.hamstrings-pelvis_tilt.C0 	0.09612345	0.092891716	0.0029858595	
S00011.glut_max-pelvis_tilt.KP   	2.5971288	2.6189572	0.029998338	
S00011.glut_max-pelvis_tilt.KV   	0.19330793	0.19529962	0.0029959018	
S00011.glut_max-pelvis_tilt.C0   	0.020753062	0.022676358	0.0029776575	
S00011.iliopsoas-pelvis_tilt.KP  	-1.7658854	-1.7215016	0.030123249	
S00011.iliopsoas-pelvis_tilt.KV  	-0.46765957	-0.46190884	0.0030345393	
S00011.iliopsoas-pelvis_tilt.C0  	0.22098713	0.22096467	0.0029938413	
S10011.abd_r-pelvis_list_l.KP    	1.7076425	1.7298008	0.029756171	
S10011.abd_r-pelvis_list_l.KV    	0.30413949	0.30301618	0.0029687565	
S10011.abd_r-pelvis_list_l.C0    	0.066560395	0.068687031	0.002968714	
S10011.abd_l-pelvis_list_l.KP    	-1.4618724	-1.4527304	0.029997706	
S10011.abd_l-pelvis_list_l.KV    	-0.25221275	-0.24972928	0.0030239675	
S10011.abd_l-pelvis_list_l.C0    	0.059555187	0.063241216	0.0028736763	
S10011.abd_r-pelvis_list_r.KP    	2.171497	2.1713159	0.030189809	
S10011.abd_r-pelvis_list_r.KV    	0.21347806	0.21642003	0.0029620002	
S10011.abd_r-pelvis_list_r.C0    	0.0342456	0.036855407	0.0029920182	
S10011.abd_l-pelvis_list_r.KP    	-1.8307353	-1.8152644	0.029877419	
S10011.abd_l-pelvis_list_r.KV    	-0.23307435	-0.23220952	0.0030098992	
S10011.abd_l-pelvis_list_r.C0    	0.014716766	0.01593185	0.0029466272	
S00100.iliopsoas.C0              	0.38271472	0.38764989	0.0030652525	
S00100.glut_max.C0               	-0.36134369	-0.36547272	0.0029520397	
S00100.rect_fem.KL               	0.10061073	0.10216184	0.029078706	
S00100.rect_fem.L0               	0.56147295	0.56597515	0.0030393782	
S01000.bifemsh.KL                	0.13648723	0.18626653	0.029708757	
S01000.bifemsh.L0                	0.58242529	0.58470544	0.0029950748	
S11000.iliopsoas.KL              	0.46361166	0.4661175	0.0029881052	
S11000.iliopsoas.L0              	0.66540642	0.66613557	0.0029853728	
S11000.iliopsoas-pelvis_tilt.P0  	-0.033696014	-0.027855832	0.0028741652	
S11000.iliopsoas-pelvis_tilt.KP  	1.283014	1.2639127	0.030500616	
S11000.iliopsoas-pelvis_tilt.KV  	0.2180836	0.21885434	0.0030221059	
S11000.iliopsoas-hamstrings.KL   	-0.94334386	-0.88205449	0.11831274	
S11000.iliopsoas-hamstrings.L0   	0.89801279	0.89996137	0.0029794963	
S11000.hamstrings.KF             	0.84384317	0.84134478	0.0030235882	
S11000.glut_max.KF               	0.53073529	0.53282657	0.0029706282	
S00100.add-hip_adduction.KP      	2.008447	2.0454838	0.030447528	
S00100.add-hip_adduction.KV      	0.24941155	0.24562247	0.0029897598	
S00100.add-hip_adduction.C0      	0.073916477	0.068782436	0.0029641372	
lumbar_joints.lumbar_extension.KP	73.836185	76.755306	2.2208234	
lumbar_joints.lumbar_extension.KV	6.4194356	6.525505	0.17856584	
lumbar_joints.lumbar_extension.C0	0.091726442	0.089001375	0.0029805445	
lumbar_joints.lumbar_bending.KP  	82.394182	80.753782	2.1885449	
lumbar_joints.lumbar_bending.KV  	5.8723401	5.2125582	0.21216538	
lumbar_joints.lumbar_bending.C0  	0.070630991	0.068780667	0.0029907109	
