pelvis_tilt.offset               	0.0030066669	0.0036537162	0.00288381	
pelvis_list.offset               	-0.011320936	-0.013604331	0.002806817	
pelvis_rotation.offset           	0.03605543	0.036514194	0.0028875417	
pelvis_tz.offset                 	0.068182642	0.071448488	0.0029025616	
hip_flexion_r.offset             	-0.091610143	-0.087946964	0.0029358735	
hip_adduction_r.offset           	0.019316985	0.015412695	0.0028974163	
hip_rotation_r.offset            	0.18494603	0.18058946	0.0029445985	
knee_angle_r.offset              	-0.08793915	-0.090163518	0.002961762	
ankle_angle_r.offset             	0.0072917997	0.0043705454	0.0028797049	
hip_flexion_l.offset             	-0.066940793	-0.061043939	0.0029615921	
hip_adduction_l.offset           	0.015464955	0.011378683	0.002995068	
hip_rotation_l.offset            	0.18871996	0.19224867	0.0029171707	
knee_angle_l.offset              	-0.16379653	-0.16112528	0.0030064554	
ankle_angle_l.offset             	-0.011537247	-0.01395576	0.0029247558	
lumbar_extension.offset          	0.12399796	0.12283987	0.0029023909	
lumbar_bending.offset            	-0.029639711	-0.03277551	0.0028914395	
lumbar_rotation.offset           	0.021345077	0.022386121	0.0029410814	
stance_load_threshold            	0.17270435	0.16946817	0.0029357931	
S11111.tib_ant.KL                	2.5699485	2.5917303	0.02920792	
S11111.tib_ant.L0                	0.67462892	0.6750768	0.0029539979	
S11111.tib_ant-soleus.KF         	-0.28700173	-0.28876749	0.0029171581	
S00111.soleus.KF                 	1.4660559	1.4470715	0.029154112	
S00111.gastroc.KF                	2.2465733	2.2737166	0.028871415	
S00011.vasti.KF                  	0.27776851	0.30227156	0.029068702	
S00011.vasti.C0                  	0.12205078	0.12318323	0.0029021243	
S00011.vasti-knee_angle.pos_max  	-0.31201929	-0.3096083	0.0029432122	
S00011.hamstrings-pelvis_tilt.KP 	2.9711402	2.9899101	0.029631576	
S00011.hamstrings-pelvis_tilt.KV 	0.14250155	0.13544741	0.0029447509	
S00011.hamstrings-pelvis_tilt.C0 	0.091625662	0.09467566	0.0029274321	
S00011.glut_max-pelvis_tilt.KP   	2.6269856	2.6166544	0.029367253	
S00011.glut_max-pelvis_tilt.KV   	0.19748942	0.19585824	0.0029367842	
S00011.glut_max-pelvis_tilt.C0   	0.023358138	0.022275696	0.0029229041	
S00011.iliopsoas-pelvis_tilt.KP  	-1.7226459	-1.7303336	0.029552513	
S00011.iliopsoas-pelvis_tilt.KV  	-0.46306904	-0.46297433	0.0029783619	
S00011.iliopsoas-pelvis_tilt.C0  	0.2220788	0.21941771	0.0029357973	
S10011.abd_r-pelvis_list_l.KP    	1.7044285	1.7211536	0.029127377	
S10011.abd_r-pelvis_list_l.KV    	0.30268039	0.30017327	0.0029205438	
S10011.abd_r-pelvis_list_l.C0    	0.073442873	0.07037708	0.0029114831	
S10011.abd_l-pelvis_list_l.KP    	-1.4367885	-1.4520588	0.029468807	
S10011.abd_l-pelvis_list_l.KV    	-0.2480361	-0.25025048	0.0029625258	
S10011.abd_l-pelvis_list_l.C0    	0.062495025	0.061466381	0.0028182908	
S10011.abd_r-pelvis_list_r.KP    	2.1737569	2.1651388	0.029579216	
S10011.abd_r-pelvis_list_r.KV    	0.21792957	0.21576812	0.002898306	
S10011.abd_r-pelvis_list_r.C0    	0.045631845	0.038002307	0.0029327879	
S10011.abd_l-pelvis_list_r.KP    	-1.8415661	-1.8100129	0.029266455	
S10011.abd_l-pelvis_list_r.KV    	-0.23149294	-0.23082671	0.002948107	
S10011.abd_l-pelvis_list_r.C0    	0.013545009	0.017042081	0.0028856942	
S00100.iliopsoas.C0              	0.38535989	0.38741369	0.0030024335	
S00100.glut_max.C0               	-0.37012322	-0.3650269	0.0028925627	
S00100.rect_fem.KL               	0.1175812	0.097504962	0.02847576	
S00100.rect_fem.L0               	0.56097347	0.56533817	0.0029865682	
S01000.bifemsh.KL                	0.13302763	0.17274578	0.029118617	
S01000.bifemsh.L0                	0.58054282	0.58335488	0.002936628	
S11000.iliopsoas.KL              	0.45946237	0.46545933	0.0029309388	
S11000.iliopsoas.L0              	0.66260759	0.66586412	0.0029233727	
S11000.iliopsoas-pelvis_tilt.P0  	-0.02900405	-0.029755966	0.0028165711	
S11000.iliopsoas-pelvis_tilt.KP  	1.2225896	1.2711331	0.029857709	
S11000.iliopsoas-pelvis_tilt.KV  	0.21833125	0.21924736	0.0029626264	
S11000.iliopsoas-hamstrings.KL   	-0.68079954	-0.94267105	0.11582524	
S11000.iliopsoas-hamstrings.L0   	0.90284347	0.90054796	0.0029197841	
S11000.hamstrings.KF             	0.84251137	0.84259065	0.0029632435	
S11000.glut_max.KF               	0.53312852	0.5327692	0.002911534	
S00100.add-hip_adduction.KP      	2.0873024	2.0524556	0.029843266	
S00100.add-hip_adduction.KV      	0.24484985	0.2454158	0.0029288	
S00100.add-hip_adduction.C0      	0.060111198	0.067664639	0.0029083033	
lumbar_joints.lumbar_extension.KP	80.263542	76.865423	2.1786041	
lumbar_joints.lumbar_extension.KV	6.3099123	6.4871236	0.17514243	
lumbar_joints.lumbar_extension.C0	0.089247647	0.089439585	0.0029175108	
lumbar_joints.lumbar_bending.KP  	84.379839	80.960756	2.1435587	
lumbar_joints.lumbar_bending.KV  	5.9334734	5.3531753	0.20879116	
lumbar_joints.lumbar_bending.C0  	0.066927648	0.067940886	0.002929354	
