pelvis_tilt.offset               	0.0021704959	0.0018374463	0.0028536703	
pelvis_list.offset               	-0.012971384	-0.012939941	0.0027744657	
pelvis_rotation.offset           	0.035265251	0.035618978	0.0028556883	
pelvis_tz.offset                 	0.068188165	0.07031753	0.0028725359	
hip_flexion_r.offset             	-0.0863067	-0.08777102	0.0029092907	
hip_adduction_r.offset           	0.014738862	0.016251096	0.0028647688	
hip_rotation_r.offset            	0.18383667	0.18264366	0.002916717	
knee_angle_r.offset              	-0.089574238	-0.088619644	0.0029282374	
ankle_angle_r.offset             	0.0054718093	0.0038738824	0.002847482	
hip_flexion_l.offset             	-0.064474936	-0.060551117	0.0029324579	
hip_adduction_l.offset           	0.0092608734	0.011145907	0.0029669349	
hip_rotation_l.offset            	0.19125504	0.19368257	0.0028874352	
knee_angle_l.offset              	-0.15624421	-0.16097697	0.0029718471	
ankle_angle_l.offset             	-0.015514679	-0.013830725	0.0028916263	
lumbar_extension.offset          	0.12491572	0.12330978	0.0028680841	
lumbar_bending.offset            	-0.032643629	-0.031624811	0.0028599671	
lumbar_rotation.offset           	0.021285735	0.021485818	0.0029070013	
stance_load_threshold            	0.16732407	0.16909343	0.0029031214	
S11111.tib_ant.KL                	2.5853087	2.5893463	0.028897061	
S11111.tib_ant.L0                	0.67462303	0.67450026	0.0029192687	
S11111.tib_ant-soleus.KF         	-0.29172462	-0.28881927	0.0028829848	
S00111.soleus.KF                 	1.4804822	1.4463949	0.028824929	
S00111.gastroc.KF                	2.2793029	2.2715515	0.028584149	
S00011.vasti.KF                  	0.30329609	0.29413362	0.02873214	
S00011.vasti.C0                  	0.12294141	0.12370397	0.0028684003	
S00011.vasti-knee_angle.pos_max  	-0.313365	-0.31155402	0.0029116628	
S00011.hamstrings-pelvis_tilt.KP 	3.0314735	2.9888521	0.029271674	
S00011.hamstrings-pelvis_tilt.KV 	0.1332812	0.1361662	0.002916204	
S00011.hamstrings-pelvis_tilt.C0 	0.094965691	0.094579687	0.002892963	
S00011.glut_max-pelvis_tilt.KP   	2.6230248	2.6244198	0.029048117	
S00011.glut_max-pelvis_tilt.KV   	0.19461057	0.19639199	0.0029045908	
S00011.glut_max-pelvis_tilt.C0   	0.022579017	0.022805281	0.0028893713	
S00011.iliopsoas-pelvis_tilt.KP  	-1.7197983	-1.7308332	0.029214366	
S00011.iliopsoas-pelvis_tilt.KV  	-0.46197124	-0.46274684	0.0029471107	
S00011.iliopsoas-pelvis_tilt.C0  	0.22252614	0.21993674	0.002901382	
S10011.abd_r-pelvis_list_l.KP    	1.6851066	1.7267298	0.02880474	
S10011.abd_r-pelvis_list_l.KV    	0.30035236	0.30219456	0.002892365	
S10011.abd_r-pelvis_list_l.C0    	0.074703868	0.072211735	0.0028798913	
S10011.abd_l-pelvis_list_l.KP    	-1.4662832	-1.4456041	0.02917541	
S10011.abd_l-pelvis_list_l.KV    	-0.25677126	-0.25095919	0.0029303275	
S10011.abd_l-pelvis_list_l.C0    	0.058928308	0.060911681	0.0027858669	
S10011.abd_r-pelvis_list_r.KP    	2.2072977	2.1843244	0.029290451	
S10011.abd_r-pelvis_list_r.KV    	0.22283334	0.21565367	0.0028663508	
S10011.abd_r-pelvis_list_r.C0    	0.043337281	0.039558216	0.0029075767	
S10011.abd_l-pelvis_list_r.KP    	-1.7935966	-1.8144658	0.028971173	
S10011.abd_l-pelvis_list_r.KV    	-0.22514366	-0.22965127	0.002915688	
S10011.abd_l-pelvis_list_r.C0    	0.017152006	0.015978574	0.0028526726	
S00100.iliopsoas.C0              	0.38765486	0.3870623	0.0029676981	
S00100.glut_max.C0               	-0.37065299	-0.36521715	0.0028601534	
S00100.rect_fem.KL               	0.12519353	0.1069717	0.028147292	
S00100.rect_fem.L0               	0.56688817	0.56478433	0.0029545444	
S01000.bifemsh.KL                	0.15487178	0.16537743	0.028779343	
S01000.bifemsh.L0                	0.58356519	0.58291627	0.0029023416	
S11000.iliopsoas.KL              	0.46293419	0.46456144	0.0029008929	
S11000.iliopsoas.L0              	0.66760961	0.66607965	0.0028916636	
S11000.iliopsoas-pelvis_tilt.P0  	-0.031414799	-0.029100035	0.0027823303	
S11000.iliopsoas-pelvis_tilt.KP  	1.2380265	1.2669247	0.029507255	
S11000.iliopsoas-pelvis_tilt.KV  	0.21858935	0.21937862	0.0029286409	
S11000.iliopsoas-hamstrings.KL   	-0.95714174	-0.87440877	0.11463211	
S11000.iliopsoas-hamstrings.L0   	0.90038455	0.90046576	0.0028852883	
S11000.hamstrings.KF             	0.84072261	0.8415058	0.0029320539	
S11000.glut_max.KF               	0.53461013	0.5330712	0.0028764478	
S00100.add-hip_adduction.KP      	2.0802684	2.0593396	0.029519966	
S00100.add-hip_adduction.KV      	0.24371906	0.245329	0.002893913	
S00100.add-hip_adduction.C0      	0.067781035	0.066055835	0.0028839177	
lumbar_joints.lumbar_extension.KP	74.06682	77.249799	2.1557954	
lumbar_joints.lumbar_extension.KV	6.5061459	6.4109731	0.17325894	
lumbar_joints.lumbar_extension.C0	0.089472463	0.089469657	0.0028840902	
lumbar_joints.lumbar_bending.KP  	83.22948	81.816339	2.1243936	
lumbar_joints.lumbar_bending.KV  	5.2860646	5.4640586	0.20689971	
lumbar_joints.lumbar_bending.C0  	0.062359798	0.067673225	0.0028948406	
