pelvis_tilt.offset               	0.013014929	0.013562835	0.0028787148	
pelvis_list.offset               	-0.017226018	-0.015293495	0.0027887319	
pelvis_rotation.offset           	0.041069472	0.042947346	0.002878888	
pelvis_tz.offset                 	0.07616277	0.076971831	0.002915207	
hip_flexion_r.offset             	-0.090209127	-0.091958729	0.0029466989	
hip_adduction_r.offset           	0.014349208	0.014383044	0.002898596	
hip_rotation_r.offset            	0.18761323	0.18559696	0.0029477912	
knee_angle_r.offset              	-0.094750521	-0.093527682	0.0029678025	
ankle_angle_r.offset             	0.0074888281	0.0059436478	0.0028835862	
hip_flexion_l.offset             	-0.053428894	-0.057595724	0.0029584043	
hip_adduction_l.offset           	0.011766437	0.015443418	0.0030302003	
hip_rotation_l.offset            	0.19815136	0.19635049	0.0029032723	
knee_angle_l.offset              	-0.15879471	-0.15771519	0.0030123998	
ankle_angle_l.offset             	-0.014880493	-0.012948665	0.0029145424	
lumbar_extension.offset          	0.12744104	0.1275146	0.0028877205	
lumbar_bending.offset            	-0.037517727	-0.033730243	0.0028760887	
lumbar_rotation.offset           	0.021610249	0.021917689	0.0029234452	
stance_load_threshold            	0.16672728	0.16735517	0.0029481239	
S11111.tib_ant.KL                	2.5983359	2.5821705	0.029475134	
S11111.tib_ant.L0                	0.67557272	0.67501963	0.002918764	
S11111.tib_ant-soleus.KF         	-0.28438922	-0.28516182	0.0029087737	
S00111.soleus.KF                 	1.5386407	1.5267169	0.029194213	
S00111.gastroc.KF                	2.2728459	2.2745723	0.02871969	
S00011.vasti.KF                  	0.29542681	0.29173891	0.029166156	
S00011.vasti.C0                  	0.13440543	0.12784468	0.0029485498	
S00011.vasti-knee_angle.pos_max  	-0.30610894	-0.30358906	0.0029491659	
S00011.hamstrings-pelvis_tilt.KP 	2.9220385	2.9391607	0.029719824	
S00011.hamstrings-pelvis_tilt.KV 	0.12250552	0.1244239	0.002965541	
S00011.hamstrings-pelvis_tilt.C0 	0.093818626	0.094217861	0.0029190713	
S00011.glut_max-pelvis_tilt.KP   	2.5886033	2.5296226	0.029572157	
S00011.glut_max-pelvis_tilt.KV   	0.20311869	0.20051802	0.0029327112	
S00011.glut_max-pelvis_tilt.C0   	0.016151324	0.016893421	0.0029138969	
S00011.iliopsoas-pelvis_tilt.KP  	-1.677048	-1.6597744	0.029597826	
S00011.iliopsoas-pelvis_tilt.KV  	-0.46287788	-0.45933837	0.0029858867	
S00011.iliopsoas-pelvis_tilt.C0  	0.21260244	0.21490284	0.0029470289	
S10011.abd_r-pelvis_list_l.KP    	1.7769732	1.7344506	0.029170395	
S10011.abd_r-pelvis_list_l.KV    	0.30179045	0.30195166	0.0029281243	
S10011.abd_r-pelvis_list_l.C0    	0.061009947	0.065735681	0.0028934098	
S10011.abd_l-pelvis_list_l.KP    	-1.5160944	-1.4798096	0.029700435	
S10011.abd_l-pelvis_list_l.KV    	-0.24795491	-0.25130236	0.0029755823	
S10011.abd_l-pelvis_list_l.C0    	0.054160958	0.053206429	0.0028192123	
S10011.abd_r-pelvis_list_r.KP    	2.0981837	2.0945485	0.029716293	
S10011.abd_r-pelvis_list_r.KV    	0.22233378	0.21676428	0.0028967871	
S10011.abd_r-pelvis_list_r.C0    	0.03696652	0.035856045	0.0029582511	
S10011.abd_l-pelvis_list_r.KP    	-1.8447289	-1.8175554	0.029358969	
S10011.abd_l-pelvis_list_r.KV    	-0.22475784	-0.22680629	0.0029408726	
S10011.abd_l-pelvis_list_r.C0    	0.024283104	0.026024098	0.002938899	
S00100.iliopsoas.C0              	0.3823657	0.38510627	0.0029988958	
S00100.glut_max.C0               	-0.35727222	-0.35933203	0.0028843396	
S00100.rect_fem.KL               	0.061175733	0.085251376	0.028342724	
S00100.rect_fem.L0               	0.56045017	0.56194307	0.0030147749	
S01000.bifemsh.KL                	0.1048196	0.14814256	0.029148222	
S01000.bifemsh.L0                	0.58801176	0.58567177	0.0029247606	
S11000.iliopsoas.KL              	0.47388453	0.47279394	0.0029473054	
S11000.iliopsoas.L0              	0.66301631	0.6690853	0.002919645	
S11000.iliopsoas-pelvis_tilt.P0  	-0.041718481	-0.037110182	0.0028001301	
S11000.iliopsoas-pelvis_tilt.KP  	1.3656187	1.3499779	0.029763416	
S11000.iliopsoas-pelvis_tilt.KV  	0.22311987	0.22550546	0.0029776949	
S11000.iliopsoas-hamstrings.KL   	-1.0551722	-0.91697044	0.1157083	
S11000.iliopsoas-hamstrings.L0   	0.91126725	0.90889599	0.0029803308	
S11000.hamstrings.KF             	0.84580162	0.84282421	0.0029444776	
S11000.glut_max.KF               	0.54923102	0.54977658	0.0029736446	
S00100.add-hip_adduction.KP      	2.1072098	2.0577326	0.029806911	
S00100.add-hip_adduction.KV      	0.25009365	0.24824975	0.0029272342	
S00100.add-hip_adduction.C0      	0.070745915	0.069172492	0.0029186584	
lumbar_joints.lumbar_extension.KP	74.477024	75.197705	2.1754665	
lumbar_joints.lumbar_extension.KV	6.798846	6.6273571	0.17533742	
lumbar_joints.lumbar_extension.C0	0.085950229	0.090894892	0.0029133386	
lumbar_joints.lumbar_bending.KP  	85.39413	80.698385	2.1321189	
lumbar_joints.lumbar_bending.KV  	5.5503766	5.7123095	0.20950049	
lumbar_joints.lumbar_bending.C0  	0.070330528	0.073794185	0.0029339823	
