pelvis_tilt.offset               	0.0087575879	0.010915027	0.0023789785	
pelvis_list.offset               	-0.019543286	-0.016869744	0.0023035085	
pelvis_rotation.offset           	0.042471469	0.043385766	0.002381904	
pelvis_tz.offset                 	0.071461807	0.071009233	0.0024185056	
hip_flexion_r.offset             	-0.096550985	-0.094074771	0.0024229394	
hip_adduction_r.offset           	0.017172033	0.016794612	0.0024030953	
hip_rotation_r.offset            	0.17599983	0.17990618	0.0024540559	
knee_angle_r.offset              	-0.093551832	-0.093094359	0.0024464586	
ankle_angle_r.offset             	0.0080023168	0.0070876657	0.0023821546	
hip_flexion_l.offset             	-0.058361703	-0.056192634	0.0024524868	
hip_adduction_l.offset           	0.015040771	0.016980219	0.0025121361	
hip_rotation_l.offset            	0.19278555	0.19305436	0.002399225	
knee_angle_l.offset              	-0.15546708	-0.15548278	0.0024879102	
ankle_angle_l.offset             	-0.017118897	-0.015854012	0.0024250816	
lumbar_extension.offset          	0.12702457	0.12507508	0.0023954986	
lumbar_bending.offset            	-0.03782778	-0.034654899	0.0023817668	
lumbar_rotation.offset           	0.018974705	0.020098645	0.0024207437	
stance_load_threshold            	0.16232704	0.16137515	0.0024342887	
S11111.tib_ant.KL                	2.554284	2.5772421	0.024398265	
S11111.tib_ant.L0                	0.67496302	0.67667174	0.002415639	
S11111.tib_ant-soleus.KF         	-0.28927263	-0.286011	0.0024110173	
S00111.soleus.KF                 	1.6029084	1.5948572	0.024287107	
S00111.gastroc.KF                	2.2979414	2.3097417	0.023866623	
S00011.vasti.KF                  	0.2710816	0.27478014	0.024109914	
S00011.vasti.C0                  	0.1327214	0.12788063	0.0024513135	
S00011.vasti-knee_angle.pos_max  	-0.30286214	-0.30650034	0.002443312	
S00011.hamstrings-pelvis_tilt.KP 	2.9435314	2.9447686	0.024579972	
S00011.hamstrings-pelvis_tilt.KV 	0.12517133	0.12379188	0.0024713331	
S00011.hamstrings-pelvis_tilt.C0 	0.091107543	0.091119889	0.0024179498	
S00011.glut_max-pelvis_tilt.KP   	2.5174257	2.5186239	0.024469612	
S00011.glut_max-pelvis_tilt.KV   	0.19715893	0.20237251	0.002438717	
S00011.glut_max-pelvis_tilt.C0   	0.021036475	0.021651942	0.002414397	
S00011.iliopsoas-pelvis_tilt.KP  	-1.6730352	-1.6852972	0.02444349	
S00011.iliopsoas-pelvis_tilt.KV  	-0.45461758	-0.45358572	0.0024923178	
S00011.iliopsoas-pelvis_tilt.C0  	0.2209018	0.21911643	0.0024483382	
S10011.abd_r-pelvis_list_l.KP    	1.768363	1.7219202	0.024105546	
S10011.abd_r-pelvis_list_l.KV    	0.30557489	0.30779914	0.0024384251	
S10011.abd_r-pelvis_list_l.C0    	0.06922833	0.065946621	0.0024105486	
S10011.abd_l-pelvis_list_l.KP    	-1.5188389	-1.536013	0.024759161	
S10011.abd_l-pelvis_list_l.KV    	-0.25443235	-0.25194374	0.0024499384	
S10011.abd_l-pelvis_list_l.C0    	0.049334425	0.051756079	0.0023471451	
S10011.abd_r-pelvis_list_r.KP    	2.0917644	2.0954423	0.024684071	
S10011.abd_r-pelvis_list_r.KV    	0.21188265	0.21331346	0.002402095	
S10011.abd_r-pelvis_list_r.C0    	0.037200666	0.039880292	0.0024459651	
S10011.abd_l-pelvis_list_r.KP    	-1.8117111	-1.7948742	0.024170733	
S10011.abd_l-pelvis_list_r.KV    	-0.22707917	-0.2261731	0.0024358336	
S10011.abd_l-pelvis_list_r.C0    	0.029102665	0.028795404	0.0024409774	
S00100.iliopsoas.C0              	0.38608556	0.38231978	0.0025079542	
S00100.glut_max.C0               	-0.36162444	-0.36182651	0.0023818567	
S00100.rect_fem.KL               	0.080898	0.079173505	0.023462084	
S00100.rect_fem.L0               	0.55757643	0.55823756	0.0025052901	
S01000.bifemsh.KL                	0.16707175	0.1660189	0.024307253	
S01000.bifemsh.L0                	0.58373936	0.58553137	0.0024231353	
S11000.iliopsoas.KL              	0.47521236	0.47671462	0.0024472888	
S11000.iliopsoas.L0              	0.6666941	0.6669058	0.0024109448	
S11000.iliopsoas-pelvis_tilt.P0  	-0.03718875	-0.039306912	0.0023261129	
S11000.iliopsoas-pelvis_tilt.KP  	1.3185905	1.3390146	0.024686446	
S11000.iliopsoas-pelvis_tilt.KV  	0.22286028	0.22213709	0.0024696562	
S11000.iliopsoas-hamstrings.KL   	-0.86376841	-0.92872642	0.095728859	
S11000.iliopsoas-hamstrings.L0   	0.90112053	0.9035037	0.0024836306	
S11000.hamstrings.KF             	0.84446299	0.84452648	0.0024480588	
S11000.glut_max.KF               	0.55955274	0.55459897	0.0025020492	
S00100.add-hip_adduction.KP      	2.0598636	2.0505617	0.024660605	
S00100.add-hip_adduction.KV      	0.24703966	0.246247	0.0024212636	
S00100.add-hip_adduction.C0      	0.069690219	0.072719385	0.0024192602	
lumbar_joints.lumbar_extension.KP	74.753146	73.761587	1.7962861	
lumbar_joints.lumbar_extension.KV	6.5535171	6.7140404	0.14498995	
lumbar_joints.lumbar_extension.C0	0.08551636	0.08378521	0.0024270373	
lumbar_joints.lumbar_bending.KP  	81.796939	81.515436	1.7584547	
lumbar_joints.lumbar_bending.KV  	5.4123398	5.6909451	0.17434663	
lumbar_joints.lumbar_bending.C0  	0.068208407	0.070321059	0.0024254357	
