pelvis_tilt.offset               	0.0084769198	0.0086857931	0.0023960779	
pelvis_list.offset               	-0.01836436	-0.016884166	0.0023238618	
pelvis_rotation.offset           	0.041869468	0.046919849	0.0024150918	
pelvis_tz.offset                 	0.07211733	0.06964427	0.002454026	
hip_flexion_r.offset             	-0.092877696	-0.090685383	0.0024484941	
hip_adduction_r.offset           	0.017075119	0.017233827	0.0024266408	
hip_rotation_r.offset            	0.17676883	0.1776351	0.0024879809	
knee_angle_r.offset              	-0.094186533	-0.092777061	0.0024834954	
ankle_angle_r.offset             	0.0073015216	0.010818659	0.0024158337	
hip_flexion_l.offset             	-0.056183281	-0.056587974	0.0024784689	
hip_adduction_l.offset           	0.026970405	0.022519892	0.0025667479	
hip_rotation_l.offset            	0.19647459	0.19390044	0.0024283684	
knee_angle_l.offset              	-0.15220445	-0.15610351	0.0025092476	
ankle_angle_l.offset             	-0.019100333	-0.017233175	0.0024461822	
lumbar_extension.offset          	0.12611	0.12486102	0.0024245975	
lumbar_bending.offset            	-0.037883976	-0.035609297	0.0024038877	
lumbar_rotation.offset           	0.028222814	0.02538008	0.0024499612	
stance_load_threshold            	0.16252879	0.16236212	0.0024607241	
S11111.tib_ant.KL                	2.56433	2.5606663	0.024703594	
S11111.tib_ant.L0                	0.67063642	0.67339295	0.0024422713	
S11111.tib_ant-soleus.KF         	-0.2807373	-0.28524607	0.0024390294	
S00111.soleus.KF                 	1.5778884	1.5956979	0.024664278	
S00111.gastroc.KF                	2.3426535	2.3405645	0.024131379	
S00011.vasti.KF                  	0.29351738	0.311646	0.024351594	
S00011.vasti.C0                  	0.13091862	0.12784234	0.0024792661	
S00011.vasti-knee_angle.pos_max  	-0.30456334	-0.30469922	0.002470975	
S00011.hamstrings-pelvis_tilt.KP 	2.9193675	2.9245094	0.024938826	
S00011.hamstrings-pelvis_tilt.KV 	0.12226522	0.12109107	0.0024973439	
S00011.hamstrings-pelvis_tilt.C0 	0.096246798	0.093996123	0.0024527796	
S00011.glut_max-pelvis_tilt.KP   	2.4827663	2.5082382	0.024763777	
S00011.glut_max-pelvis_tilt.KV   	0.1977463	0.2011304	0.0024692243	
S00011.glut_max-pelvis_tilt.C0   	0.020205495	0.020953352	0.0024423372	
S00011.iliopsoas-pelvis_tilt.KP  	-1.6856995	-1.6825817	0.024686348	
S00011.iliopsoas-pelvis_tilt.KV  	-0.45208675	-0.45088254	0.0025248771	
S00011.iliopsoas-pelvis_tilt.C0  	0.22161146	0.2215031	0.0024810283	
S10011.abd_r-pelvis_list_l.KP    	1.6850161	1.714753	0.024371121	
S10011.abd_r-pelvis_list_l.KV    	0.30343291	0.30572178	0.0024650143	
S10011.abd_r-pelvis_list_l.C0    	0.068250412	0.06799143	0.0024349564	
S10011.abd_l-pelvis_list_l.KP    	-1.529663	-1.5298885	0.025069767	
S10011.abd_l-pelvis_list_l.KV    	-0.25078634	-0.2493518	0.0024771539	
S10011.abd_l-pelvis_list_l.C0    	0.05311362	0.052978441	0.0023658561	
S10011.abd_r-pelvis_list_r.KP    	2.1595728	2.1280776	0.024924745	
S10011.abd_r-pelvis_list_r.KV    	0.21249695	0.21383602	0.0024335155	
S10011.abd_r-pelvis_list_r.C0    	0.035353857	0.036904399	0.0024691833	
S10011.abd_l-pelvis_list_r.KP    	-1.8580087	-1.8411797	0.024481406	
S10011.abd_l-pelvis_list_r.KV    	-0.22046313	-0.22537798	0.0024562722	
S10011.abd_l-pelvis_list_r.C0    	0.0277658	0.029665119	0.002473085	
S00100.iliopsoas.C0              	0.38054235	0.37964471	0.0025429433	
S00100.glut_max.C0               	-0.35963912	-0.35974629	0.0024053687	
S00100.rect_fem.KL               	0.13492762	0.1165782	0.023689011	
S00100.rect_fem.L0               	0.554044	0.55555604	0.0025388197	
S01000.bifemsh.KL                	0.15641465	0.14671143	0.024514899	
S01000.bifemsh.L0                	0.58523047	0.58472291	0.0024567642	
S11000.iliopsoas.KL              	0.47354522	0.4763685	0.0024789267	
S11000.iliopsoas.L0              	0.67096835	0.66729489	0.0024386345	
S11000.iliopsoas-pelvis_tilt.P0  	-0.039015747	-0.039003148	0.0023502279	
S11000.iliopsoas-pelvis_tilt.KP  	1.3455252	1.3310762	0.024996261	
S11000.iliopsoas-pelvis_tilt.KV  	0.22207038	0.22156396	0.0025038173	
S11000.iliopsoas-hamstrings.KL   	-1.0265025	-0.974423	0.096553342	
S11000.iliopsoas-hamstrings.L0   	0.90195961	0.90233401	0.0025128385	
S11000.hamstrings.KF             	0.84529978	0.84520188	0.0024745466	
S11000.glut_max.KF               	0.5542231	0.55393313	0.0025527111	
S00100.add-hip_adduction.KP      	1.9822871	2.0226581	0.024905949	
S00100.add-hip_adduction.KV      	0.24723625	0.24852648	0.0024529345	
S00100.add-hip_adduction.C0      	0.075666399	0.073672	0.002446032	
lumbar_joints.lumbar_extension.KP	73.525519	73.669476	1.8136067	
lumbar_joints.lumbar_extension.KV	6.7390315	6.8004545	0.14663032	
lumbar_joints.lumbar_extension.C0	0.081434291	0.085904011	0.0024553675	
lumbar_joints.lumbar_bending.KP  	84.048375	82.665172	1.7671073	
lumbar_joints.lumbar_bending.KV  	5.7013178	5.6908588	0.17635517	
lumbar_joints.lumbar_bending.C0  	0.067123611	0.064932877	0.0024728332	
