pelvis_tilt.offset               	0.0099269643	0.0087301864	0.0028294092	
pelvis_list.offset               	-0.013161291	-0.015930568	0.0027423454	
pelvis_rotation.offset           	0.041957324	0.041848847	0.0028592553	
pelvis_tz.offset                 	0.078226105	0.074641667	0.0029352266	
hip_flexion_r.offset             	-0.084452285	-0.087703848	0.002924786	
hip_adduction_r.offset           	0.0060370646	0.010687393	0.002903598	
hip_rotation_r.offset            	0.17720685	0.17439857	0.0029686827	
knee_angle_r.offset              	-0.092054377	-0.093518747	0.0029535077	
ankle_angle_r.offset             	0.013066356	0.012264212	0.0028787602	
hip_flexion_l.offset             	-0.058879559	-0.057357365	0.00294671	
hip_adduction_l.offset           	0.020647416	0.021056024	0.0030733301	
hip_rotation_l.offset            	0.1946398	0.19483961	0.0029075333	
knee_angle_l.offset              	-0.1577086	-0.1612437	0.0030054884	
ankle_angle_l.offset             	-0.022666774	-0.01793385	0.0029064137	
lumbar_extension.offset          	0.12226766	0.12279306	0.0028871103	
lumbar_bending.offset            	-0.024929196	-0.027341831	0.0028925254	
lumbar_rotation.offset           	0.0303967	0.024383883	0.0029332291	
stance_load_threshold            	0.1599286	0.16282508	0.0029300273	
S11111.tib_ant.KL                	2.4995539	2.5273195	0.029620511	
S11111.tib_ant.L0                	0.67664008	0.67028368	0.0029219197	
S11111.tib_ant-soleus.KF         	-0.27677943	-0.28105221	0.0029154572	
S00111.soleus.KF                 	1.4507664	1.5236936	0.029459047	
S00111.gastroc.KF                	2.3259688	2.3790482	0.028747523	
S00011.vasti.KF                  	0.2925517	0.31352422	0.028794924	
S00011.vasti.C0                  	0.12522313	0.12488856	0.0029466152	
S00011.vasti-knee_angle.pos_max  	-0.30336448	-0.3040285	0.0029380076	
S00011.hamstrings-pelvis_tilt.KP 	2.8274215	2.8331321	0.030084571	
S00011.hamstrings-pelvis_tilt.KV 	0.11694949	0.12025372	0.0029713259	
S00011.hamstrings-pelvis_tilt.C0 	0.092577933	0.091741311	0.0029529069	
S00011.glut_max-pelvis_tilt.KP   	2.5772402	2.523401	0.029635894	
S00011.glut_max-pelvis_tilt.KV   	0.20093265	0.20048732	0.0029270906	
S00011.glut_max-pelvis_tilt.C0   	0.020242398	0.018962199	0.0029051564	
S00011.iliopsoas-pelvis_tilt.KP  	-1.7304853	-1.7079027	0.02936933	
S00011.iliopsoas-pelvis_tilt.KV  	-0.44935462	-0.44989128	0.0030355938	
S00011.iliopsoas-pelvis_tilt.C0  	0.20972948	0.21203888	0.0029664612	
S10011.abd_r-pelvis_list_l.KP    	1.7067762	1.7254222	0.029052677	
S10011.abd_r-pelvis_list_l.KV    	0.31038612	0.3103145	0.002958449	
S10011.abd_r-pelvis_list_l.C0    	0.07185229	0.073500609	0.0029276931	
S10011.abd_l-pelvis_list_l.KP    	-1.5047816	-1.5308071	0.029684513	
S10011.abd_l-pelvis_list_l.KV    	-0.24924324	-0.24949264	0.0029632967	
S10011.abd_l-pelvis_list_l.C0    	0.052515535	0.051763198	0.002796193	
S10011.abd_r-pelvis_list_r.KP    	2.0881947	2.1222719	0.029587145	
S10011.abd_r-pelvis_list_r.KV    	0.21075906	0.21094939	0.0029057076	
S10011.abd_r-pelvis_list_r.C0    	0.037646352	0.036771349	0.0029306171	
S10011.abd_l-pelvis_list_r.KP    	-1.7814415	-1.8486313	0.029248862	
S10011.abd_l-pelvis_list_r.KV    	-0.22765671	-0.22761231	0.0029348577	
S10011.abd_l-pelvis_list_r.C0    	0.034859942	0.028851793	0.0029252903	
S00100.iliopsoas.C0              	0.38018978	0.3777998	0.0030398699	
S00100.glut_max.C0               	-0.36125771	-0.35998241	0.0028581317	
S00100.rect_fem.KL               	0.19639466	0.1742035	0.028454844	
S00100.rect_fem.L0               	0.55996059	0.55978562	0.0030215418	
S01000.bifemsh.KL                	0.13494471	0.11829927	0.029133986	
S01000.bifemsh.L0                	0.57622678	0.57831138	0.0029423226	
S11000.iliopsoas.KL              	0.48076748	0.48057779	0.0029754843	
S11000.iliopsoas.L0              	0.66710461	0.66639725	0.0029108549	
S11000.iliopsoas-pelvis_tilt.P0  	-0.044153929	-0.041368131	0.0027641322	
S11000.iliopsoas-pelvis_tilt.KP  	1.3799801	1.3707382	0.029659727	
S11000.iliopsoas-pelvis_tilt.KV  	0.22816486	0.22449569	0.0029725668	
S11000.iliopsoas-hamstrings.KL   	-1.0698677	-1.1706123	0.11534481	
S11000.iliopsoas-hamstrings.L0   	0.90777017	0.90600056	0.0029975538	
S11000.hamstrings.KF             	0.8374955	0.84061951	0.0029313684	
S11000.glut_max.KF               	0.55558388	0.55702157	0.0030346073	
S00100.add-hip_adduction.KP      	1.9396031	1.9760887	0.029937045	
S00100.add-hip_adduction.KV      	0.24952639	0.25237247	0.0029326871	
S00100.add-hip_adduction.C0      	0.06956623	0.073266728	0.0029139786	
lumbar_joints.lumbar_extension.KP	72.195402	72.215332	2.1435742	
lumbar_joints.lumbar_extension.KV	6.2215179	6.3822875	0.17591442	
lumbar_joints.lumbar_extension.C0	0.082023575	0.080667992	0.0029483295	
lumbar_joints.lumbar_bending.KP  	84.655795	82.053531	2.0952245	
lumbar_joints.lumbar_bending.KV  	5.5675058	5.7261189	0.20934962	
lumbar_joints.lumbar_bending.C0  	0.065874554	0.070508958	0.0029332211	
