pelvis_tilt.offset               	0.012324858	0.014250729	0.001800687	
pelvis_list.offset               	-0.01473798	-0.015184333	0.0017150509	
pelvis_rotation.offset           	0.046401216	0.047460848	0.0018389979	
pelvis_tz.offset                 	0.084912663	0.079038059	0.0018789286	
hip_flexion_r.offset             	-0.090018071	-0.089103543	0.0018322247	
hip_adduction_r.offset           	0.012057146	0.013862389	0.0018508516	
hip_rotation_r.offset            	0.16846874	0.17303936	0.0019065067	
knee_angle_r.offset              	-0.086558529	-0.087817098	0.0018817789	
ankle_angle_r.offset             	0.011214087	0.011303618	0.0018527642	
hip_flexion_l.offset             	-0.060025296	-0.059631124	0.0019224361	
hip_adduction_l.offset           	0.017902415	0.016991147	0.0019882747	
hip_rotation_l.offset            	0.18997827	0.19011559	0.0018846335	
knee_angle_l.offset              	-0.15953892	-0.15878432	0.0019128345	
ankle_angle_l.offset             	-0.021141574	-0.0206485	0.0018937798	
lumbar_extension.offset          	0.12262275	0.1215683	0.0018698709	
lumbar_bending.offset            	-0.029919301	-0.032152584	0.0018795326	
lumbar_rotation.offset           	0.029376133	0.027986269	0.0018862181	
stance_load_threshold            	0.15436663	0.1592551	0.0018636546	
S11111.tib_ant.KL                	2.5065323	2.4932183	0.019293036	
S11111.tib_ant.L0                	0.66942672	0.66922782	0.0018670834	
S11111.tib_ant-soleus.KF         	-0.28752512	-0.28897049	0.0019201564	
S00111.soleus.KF                 	1.4702442	1.4589988	0.019521622	
S00111.gastroc.KF                	2.4091029	2.3891455	0.018332112	
S00011.vasti.KF                  	0.17882069	0.21485362	0.019110144	
S00011.vasti.C0                  	0.12376981	0.12621034	0.0018948366	
S00011.vasti-knee_angle.pos_max  	-0.30613755	-0.30744788	0.0018973435	
S00011.hamstrings-pelvis_tilt.KP 	2.8405425	2.8321612	0.019424791	
S00011.hamstrings-pelvis_tilt.KV 	0.12521174	0.12708347	0.0019201535	
S00011.hamstrings-pelvis_tilt.C0 	0.084497938	0.082861	0.0019214511	
S00011.glut_max-pelvis_tilt.KP   	2.493204	2.4913066	0.019179359	
S00011.glut_max-pelvis_tilt.KV   	0.19717263	0.19590535	0.0018672509	
S00011.glut_max-pelvis_tilt.C0   	0.002700016	0.0071139471	0.0018969015	
S00011.iliopsoas-pelvis_tilt.KP  	-1.8585599	-1.8461263	0.019500458	
S00011.iliopsoas-pelvis_tilt.KV  	-0.44479152	-0.44395955	0.0019696697	
S00011.iliopsoas-pelvis_tilt.C0  	0.20500444	0.20563271	0.0019138995	
S10011.abd_r-pelvis_list_l.KP    	1.6509636	1.6734609	0.018639187	
S10011.abd_r-pelvis_list_l.KV    	0.30356016	0.30556579	0.0019171331	
S10011.abd_r-pelvis_list_l.C0    	0.076497592	0.078217388	0.001893555	
S10011.abd_l-pelvis_list_l.KP    	-1.3951443	-1.4406325	0.01915125	
S10011.abd_l-pelvis_list_l.KV    	-0.24740992	-0.24841441	0.0019062511	
S10011.abd_l-pelvis_list_l.C0    	0.052064353	0.05384383	0.0017705363	
S10011.abd_r-pelvis_list_r.KP    	2.1289878	2.1527881	0.018886225	
S10011.abd_r-pelvis_list_r.KV    	0.20452086	0.20501572	0.0018875595	
S10011.abd_r-pelvis_list_r.C0    	0.045831605	0.046667758	0.0018682019	
S10011.abd_l-pelvis_list_r.KP    	-1.7110501	-1.7289046	0.019153903	
S10011.abd_l-pelvis_list_r.KV    	-0.21886972	-0.21927879	0.0018909157	
S10011.abd_l-pelvis_list_r.C0    	0.029281921	0.029175928	0.0018855813	
S00100.iliopsoas.C0              	0.38260355	0.38295288	0.001938946	
S00100.glut_max.C0               	-0.35497636	-0.35757001	0.0018487675	
S00100.rect_fem.KL               	0.29513388	0.26001639	0.018716784	
S00100.rect_fem.L0               	0.55464803	0.55591591	0.0019282752	
S01000.bifemsh.KL                	0.17651382	0.16411086	0.018801075	
S01000.bifemsh.L0                	0.57098173	0.57538601	0.0019139327	
S11000.iliopsoas.KL              	0.48145027	0.48113535	0.0019096177	
S11000.iliopsoas.L0              	0.66783331	0.66721058	0.0018579621	
S11000.iliopsoas-pelvis_tilt.P0  	-0.05003231	-0.048033341	0.0017061007	
S11000.iliopsoas-pelvis_tilt.KP  	1.4012573	1.429538	0.018922483	
S11000.iliopsoas-pelvis_tilt.KV  	0.22249196	0.22408148	0.0019467846	
S11000.iliopsoas-hamstrings.KL   	-1.3076744	-1.2731497	0.07432629	
S11000.iliopsoas-hamstrings.L0   	0.90227904	0.90095927	0.0019421881	
S11000.hamstrings.KF             	0.83956289	0.83733927	0.0018824705	
S11000.glut_max.KF               	0.54780738	0.5494535	0.0019665685	
S00100.add-hip_adduction.KP      	1.798722	1.8203363	0.019958388	
S00100.add-hip_adduction.KV      	0.24750349	0.24779554	0.0018793859	
S00100.add-hip_adduction.C0      	0.069075346	0.070836172	0.0018462504	
lumbar_joints.lumbar_extension.KP	70.960375	71.236405	1.3093864	
lumbar_joints.lumbar_extension.KV	5.9058634	5.9589089	0.11664397	
lumbar_joints.lumbar_extension.C0	0.09108422	0.088190336	0.0019023031	
lumbar_joints.lumbar_bending.KP  	84.032706	82.66643	1.3325072	
lumbar_joints.lumbar_bending.KV  	5.983845	6.0923187	0.1361308	
lumbar_joints.lumbar_bending.C0  	0.066530081	0.068547787	0.0019288048	
