pelvis_tilt.offset               	0.015176935	0.016633093	0.00086901144	
pelvis_list.offset               	-0.018470541	-0.016929367	0.00083412217	
pelvis_rotation.offset           	0.046146488	0.045488588	0.00090522275	
pelvis_tz.offset                 	0.082650001	0.083607542	0.00092904338	
hip_flexion_r.offset             	-0.091798998	-0.090776489	0.00089723714	
hip_adduction_r.offset           	0.014683956	0.013695726	0.00090276212	
hip_rotation_r.offset            	0.17377428	0.17291021	0.00095029422	
knee_angle_r.offset              	-0.093214685	-0.093215895	0.00093064363	
ankle_angle_r.offset             	0.0049085497	0.0056934682	0.00092317935	
hip_flexion_l.offset             	-0.064458315	-0.064784087	0.00095271659	
hip_adduction_l.offset           	0.018529561	0.016894803	0.00096978282	
hip_rotation_l.offset            	0.19291438	0.19431742	0.000920193	
knee_angle_l.offset              	-0.15409112	-0.15469811	0.00094015508	
ankle_angle_l.offset             	-0.022543234	-0.024324544	0.00093719698	
lumbar_extension.offset          	0.11964595	0.12013802	0.00091163064	
lumbar_bending.offset            	-0.031388703	-0.031314844	0.00093196478	
lumbar_rotation.offset           	0.026010527	0.02634635	0.00093739332	
stance_load_threshold            	0.15345011	0.15336111	0.00093181269	
S11111.tib_ant.KL                	2.5104395	2.503279	0.0094868945	
S11111.tib_ant.L0                	0.66975078	0.67058193	0.00091078564	
S11111.tib_ant-soleus.KF         	-0.29076499	-0.2904771	0.00094473138	
S00111.soleus.KF                 	1.5191813	1.5203824	0.0095572945	
S00111.gastroc.KF                	2.4012903	2.3972047	0.0089983181	
S00011.vasti.KF                  	0.23464241	0.24689055	0.0093465345	
S00011.vasti.C0                  	0.12362009	0.12294098	0.0009475918	
S00011.vasti-knee_angle.pos_max  	-0.30115948	-0.30160704	0.00094001165	
S00011.hamstrings-pelvis_tilt.KP 	2.9135855	2.8979419	0.0095489182	
S00011.hamstrings-pelvis_tilt.KV 	0.13070238	0.13015721	0.00094085476	
S00011.hamstrings-pelvis_tilt.C0 	0.077087179	0.076607929	0.00094801269	
S00011.glut_max-pelvis_tilt.KP   	2.4770863	2.467419	0.009395823	
S00011.glut_max-pelvis_tilt.KV   	0.19942549	0.19819535	0.00091662445	
S00011.glut_max-pelvis_tilt.C0   	0.0074709439	0.00762178	0.00091785405	
S00011.iliopsoas-pelvis_tilt.KP  	-1.8635398	-1.8771289	0.0095419388	
S00011.iliopsoas-pelvis_tilt.KV  	-0.44653248	-0.44497863	0.00096787715	
S00011.iliopsoas-pelvis_tilt.C0  	0.20382787	0.20288031	0.00093505326	
S10011.abd_r-pelvis_list_l.KP    	1.7244666	1.7150066	0.009139453	
S10011.abd_r-pelvis_list_l.KV    	0.30221835	0.30177155	0.00093868661	
S10011.abd_r-pelvis_list_l.C0    	0.076685785	0.07702537	0.00092897883	
S10011.abd_l-pelvis_list_l.KP    	-1.4204214	-1.40462	0.0095064802	
S10011.abd_l-pelvis_list_l.KV    	-0.24467513	-0.24468427	0.00092990383	
S10011.abd_l-pelvis_list_l.C0    	0.049435286	0.049808151	0.0008474934	
S10011.abd_r-pelvis_list_r.KP    	2.1952314	2.182816	0.0092038803	
S10011.abd_r-pelvis_list_r.KV    	0.20790734	0.20727578	0.00093121974	
S10011.abd_r-pelvis_list_r.C0    	0.046207095	0.046097705	0.00091251844	
S10011.abd_l-pelvis_list_r.KP    	-1.7046156	-1.6955898	0.0093695817	
S10011.abd_l-pelvis_list_r.KV    	-0.22091715	-0.21857037	0.00091296201	
S10011.abd_l-pelvis_list_r.C0    	0.031765069	0.031425883	0.00092180963	
S00100.iliopsoas.C0              	0.37935566	0.38085092	0.00095346497	
S00100.glut_max.C0               	-0.3534762	-0.3534395	0.00091461538	
S00100.rect_fem.KL               	0.25718208	0.26943253	0.0091476102	
S00100.rect_fem.L0               	0.55446912	0.5545216	0.00093679117	
S01000.bifemsh.KL                	0.18037756	0.17053287	0.009237546	
S01000.bifemsh.L0                	0.58263729	0.58258882	0.00093578375	
S11000.iliopsoas.KL              	0.48199981	0.48035026	0.00093899734	
S11000.iliopsoas.L0              	0.66576354	0.66513462	0.00091447564	
S11000.iliopsoas-pelvis_tilt.P0  	-0.053179895	-0.052479942	0.00082493345	
S11000.iliopsoas-pelvis_tilt.KP  	1.4389528	1.4414227	0.0091273987	
S11000.iliopsoas-pelvis_tilt.KV  	0.23006859	0.22957713	0.0009530742	
S11000.iliopsoas-hamstrings.KL   	-1.2301287	-1.2528028	0.036667429	
S11000.iliopsoas-hamstrings.L0   	0.89960075	0.90091759	0.00094775271	
S11000.hamstrings.KF             	0.83958883	0.83827895	0.00092404426	
S11000.glut_max.KF               	0.54661112	0.54672436	0.00095784753	
S00100.add-hip_adduction.KP      	1.7748082	1.7887168	0.009824168	
S00100.add-hip_adduction.KV      	0.24689043	0.24746763	0.0009234459	
S00100.add-hip_adduction.C0      	0.071997073	0.071275086	0.00090997915	
lumbar_joints.lumbar_extension.KP	71.139898	70.819856	0.61901624	
lumbar_joints.lumbar_extension.KV	6.1126596	6.13777	0.057208476	
lumbar_joints.lumbar_extension.C0	0.086661255	0.086694802	0.00093351781	
lumbar_joints.lumbar_bending.KP  	80.267366	80.24794	0.64361172	
lumbar_joints.lumbar_bending.KV  	6.3344439	6.4212371	0.065997181	
lumbar_joints.lumbar_bending.C0  	0.070335427	0.069538918	0.00094073082	
