pelvis_tilt.offset               	0.014481388	0.014404141	0.00071969568	
pelvis_list.offset               	-0.019251533	-0.019867629	0.00071911867	
pelvis_rotation.offset           	0.0478622	0.046772354	0.00075663701	
pelvis_tz.offset                 	0.079577829	0.079692638	0.00078811309	
hip_flexion_r.offset             	-0.091402365	-0.090296101	0.00074188318	
hip_adduction_r.offset           	0.015492452	0.015142475	0.00076817967	
hip_rotation_r.offset            	0.17476289	0.1753638	0.00080355688	
knee_angle_r.offset              	-0.094649548	-0.095088759	0.00077664238	
ankle_angle_r.offset             	0.0054516461	0.0070510236	0.00077097563	
hip_flexion_l.offset             	-0.065946429	-0.06523687	0.00080599098	
hip_adduction_l.offset           	0.016666723	0.017618295	0.00081371631	
hip_rotation_l.offset            	0.19206855	0.19257371	0.00077663988	
knee_angle_l.offset              	-0.15604185	-0.15572097	0.00078733885	
ankle_angle_l.offset             	-0.021497836	-0.022185529	0.00078906364	
lumbar_extension.offset          	0.12033551	0.11960874	0.00076092005	
lumbar_bending.offset            	-0.032455502	-0.031324279	0.00076993014	
lumbar_rotation.offset           	0.026611197	0.026939431	0.00078043994	
stance_load_threshold            	0.15514747	0.15562457	0.00080314523	
S11111.tib_ant.KL                	2.4896537	2.4930478	0.0079866374	
S11111.tib_ant.L0                	0.66918786	0.66835211	0.00076884673	
S11111.tib_ant-soleus.KF         	-0.29360084	-0.29313237	0.00080299748	
S00111.soleus.KF                 	1.4808281	1.4856053	0.008056101	
S00111.gastroc.KF                	2.3976578	2.403001	0.0075803745	
S00011.vasti.KF                  	0.22886831	0.23245708	0.0077262844	
S00011.vasti.C0                  	0.12671559	0.12680621	0.00080465603	
S00011.vasti-knee_angle.pos_max  	-0.29904571	-0.29907493	0.00080278092	
S00011.hamstrings-pelvis_tilt.KP 	2.8945652	2.8869495	0.0080659848	
S00011.hamstrings-pelvis_tilt.KV 	0.13030954	0.1287919	0.00079484886	
S00011.hamstrings-pelvis_tilt.C0 	0.07644966	0.076737142	0.00078401763	
S00011.glut_max-pelvis_tilt.KP   	2.479163	2.4792974	0.00782149	
S00011.glut_max-pelvis_tilt.KV   	0.20049661	0.20060861	0.00076855602	
S00011.glut_max-pelvis_tilt.C0   	0.0077061894	0.0068714824	0.00077248199	
S00011.iliopsoas-pelvis_tilt.KP  	-1.9031982	-1.8890058	0.008041967	
S00011.iliopsoas-pelvis_tilt.KV  	-0.44127773	-0.44058428	0.00083143307	
S00011.iliopsoas-pelvis_tilt.C0  	0.20077625	0.20113042	0.00078072447	
S10011.abd_r-pelvis_list_l.KP    	1.7115696	1.7104481	0.0077541298	
S10011.abd_r-pelvis_list_l.KV    	0.30341303	0.30442678	0.0007954245	
S10011.abd_r-pelvis_list_l.C0    	0.077228163	0.077947375	0.00078241847	
S10011.abd_l-pelvis_list_l.KP    	-1.420755	-1.4091949	0.007931959	
S10011.abd_l-pelvis_list_l.KV    	-0.2498412	-0.24991922	0.00079147218	
S10011.abd_l-pelvis_list_l.C0    	0.051284335	0.050750774	0.00069921647	
S10011.abd_r-pelvis_list_r.KP    	2.2035051	2.2038857	0.0077468675	
S10011.abd_r-pelvis_list_r.KV    	0.20662142	0.20649415	0.00078341575	
S10011.abd_r-pelvis_list_r.C0    	0.048237846	0.047911229	0.00076626446	
S10011.abd_l-pelvis_list_r.KP    	-1.7012896	-1.7087835	0.0079441418	
S10011.abd_l-pelvis_list_r.KV    	-0.22124451	-0.22082354	0.00076776183	
S10011.abd_l-pelvis_list_r.C0    	0.030288755	0.030695867	0.00076655202	
S00100.iliopsoas.C0              	0.38053635	0.38200956	0.0008034311	
S00100.glut_max.C0               	-0.35478471	-0.3546274	0.00077237725	
S00100.rect_fem.KL               	0.2541002	0.26409551	0.0077125476	
S00100.rect_fem.L0               	0.55552027	0.55582158	0.00078447689	
S01000.bifemsh.KL                	0.14279811	0.15581837	0.0077268589	
S01000.bifemsh.L0                	0.58280621	0.58220833	0.00078796441	
S11000.iliopsoas.KL              	0.47899073	0.48044444	0.00078808464	
S11000.iliopsoas.L0              	0.66451197	0.66397047	0.00077503341	
S11000.iliopsoas-pelvis_tilt.P0  	-0.050041142	-0.050531978	0.00068733753	
S11000.iliopsoas-pelvis_tilt.KP  	1.4158276	1.4235298	0.0076695814	
S11000.iliopsoas-pelvis_tilt.KV  	0.22964182	0.2291021	0.00079849447	
S11000.iliopsoas-hamstrings.KL   	-1.1958043	-1.2011867	0.030898306	
S11000.iliopsoas-hamstrings.L0   	0.90071607	0.90071692	0.00079939423	
S11000.hamstrings.KF             	0.83787691	0.83791605	0.00077856283	
S11000.glut_max.KF               	0.54540474	0.54583594	0.00080822161	
S00100.add-hip_adduction.KP      	1.7791418	1.7671241	0.0082476431	
S00100.add-hip_adduction.KV      	0.24488852	0.24565428	0.00077212514	
S00100.add-hip_adduction.C0      	0.068572393	0.068117777	0.0007694829	
lumbar_joints.lumbar_extension.KP	71.18414	70.905473	0.50610849	
lumbar_joints.lumbar_extension.KV	6.1295522	6.1788276	0.048172618	
lumbar_joints.lumbar_extension.C0	0.085383734	0.086590392	0.00077747937	
lumbar_joints.lumbar_bending.KP  	78.688649	79.241472	0.53616408	
lumbar_joints.lumbar_bending.KV  	6.3131483	6.3952047	0.055030263	
lumbar_joints.lumbar_bending.C0  	0.07122045	0.071888519	0.00078964507	
