pelvis_tilt.offset               	0.016351	0.016308127	0.00014671645	
pelvis_list.offset               	-0.018380412	-0.018513341	0.00014653347	
pelvis_rotation.offset           	0.041818799	0.041857551	0.00016055145	
pelvis_tz.offset                 	0.080134773	0.080047457	0.00016684516	
hip_flexion_r.offset             	-0.095431886	-0.095528857	0.00015619374	
hip_adduction_r.offset           	0.015747485	0.015651764	0.000158311	
hip_rotation_r.offset            	0.17892266	0.17915641	0.00016923113	
knee_angle_r.offset              	-0.092980059	-0.093000426	0.00016716619	
ankle_angle_r.offset             	0.0069228022	0.0071813402	0.00016065505	
hip_flexion_l.offset             	-0.067094672	-0.066944495	0.00017245616	
hip_adduction_l.offset           	0.017075034	0.01715703	0.00016845675	
hip_rotation_l.offset            	0.19212063	0.19213696	0.00017167	
knee_angle_l.offset              	-0.15370797	-0.15374655	0.00017236244	
ankle_angle_l.offset             	-0.016325173	-0.016309253	0.00017261841	
lumbar_extension.offset          	0.12000723	0.12015906	0.00016352164	
lumbar_bending.offset            	-0.031846295	-0.031627336	0.00015848887	
lumbar_rotation.offset           	0.025690042	0.025564355	0.00016119088	
stance_load_threshold            	0.15836284	0.15854416	0.00017285781	
S11111.tib_ant.KL                	2.513169	2.5104661	0.0017429011	
S11111.tib_ant.L0                	0.6671232	0.66740995	0.00016132104	
S11111.tib_ant-soleus.KF         	-0.29144846	-0.2914348	0.00017366917	
S00111.soleus.KF                 	1.4639039	1.4615843	0.0017370805	
S00111.gastroc.KF                	2.3916192	2.3945453	0.0016005843	
S00011.vasti.KF                  	0.22026887	0.21901219	0.0016173831	
S00011.vasti.C0                  	0.12451844	0.12460492	0.00017283927	
S00011.vasti-knee_angle.pos_max  	-0.29825792	-0.29818502	0.00017425159	
S00011.hamstrings-pelvis_tilt.KP 	2.9245883	2.9238096	0.0017977476	
S00011.hamstrings-pelvis_tilt.KV 	0.13498638	0.13486192	0.00017565107	
S00011.hamstrings-pelvis_tilt.C0 	0.078191631	0.078041689	0.00016131555	
S00011.glut_max-pelvis_tilt.KP   	2.5022959	2.5056192	0.0015880748	
S00011.glut_max-pelvis_tilt.KV   	0.19594209	0.19595849	0.0001601168	
S00011.glut_max-pelvis_tilt.C0   	0.0085512076	0.0088494578	0.00016745416	
S00011.iliopsoas-pelvis_tilt.KP  	-1.8881846	-1.8871102	0.0016864373	
S00011.iliopsoas-pelvis_tilt.KV  	-0.4417649	-0.44157576	0.0001818571	
S00011.iliopsoas-pelvis_tilt.C0  	0.19775834	0.19769639	0.00016614187	
S10011.abd_r-pelvis_list_l.KP    	1.7084469	1.7054056	0.0016654831	
S10011.abd_r-pelvis_list_l.KV    	0.30032632	0.30049401	0.00017729849	
S10011.abd_r-pelvis_list_l.C0    	0.077997396	0.077964503	0.00017041372	
S10011.abd_l-pelvis_list_l.KP    	-1.3999791	-1.4029367	0.0016482815	
S10011.abd_l-pelvis_list_l.KV    	-0.24855189	-0.24823434	0.0001730638	
S10011.abd_l-pelvis_list_l.C0    	0.053012298	0.052948272	0.00014094421	
S10011.abd_r-pelvis_list_r.KP    	2.1956411	2.1949761	0.0016563453	
S10011.abd_r-pelvis_list_r.KV    	0.20754061	0.20785308	0.0001650455	
S10011.abd_r-pelvis_list_r.C0    	0.051893767	0.051583706	0.00015557827	
S10011.abd_l-pelvis_list_r.KP    	-1.7122578	-1.713401	0.0017183836	
S10011.abd_l-pelvis_list_r.KV    	-0.21904311	-0.21939061	0.00016123241	
S10011.abd_l-pelvis_list_r.C0    	0.02811319	0.027911077	0.00016132312	
S00100.iliopsoas.C0              	0.38494221	0.38503296	0.00017489995	
S00100.glut_max.C0               	-0.36046194	-0.3604638	0.00016775717	
S00100.rect_fem.KL               	0.24298888	0.24491162	0.001626288	
S00100.rect_fem.L0               	0.55476447	0.55505176	0.0001623355	
S01000.bifemsh.KL                	0.16282593	0.1622037	0.0016183349	
S01000.bifemsh.L0                	0.57939206	0.57944049	0.00017534802	
S11000.iliopsoas.KL              	0.47916065	0.47898156	0.00016768174	
S11000.iliopsoas.L0              	0.66814584	0.66794472	0.00016785559	
S11000.iliopsoas-pelvis_tilt.P0  	-0.045775316	-0.045995806	0.00014298199	
S11000.iliopsoas-pelvis_tilt.KP  	1.4109526	1.4098758	0.0015621164	
S11000.iliopsoas-pelvis_tilt.KV  	0.22616363	0.22610497	0.00017163234	
S11000.iliopsoas-hamstrings.KL   	-1.2577092	-1.2622621	0.006510113	
S11000.iliopsoas-hamstrings.L0   	0.89922129	0.89886747	0.00016750828	
S11000.hamstrings.KF             	0.84131835	0.84111221	0.00017553643	
S11000.glut_max.KF               	0.54635676	0.54625335	0.00016388551	
S00100.add-hip_adduction.KP      	1.7778265	1.7792929	0.0017614985	
S00100.add-hip_adduction.KV      	0.2505509	0.25050235	0.0001628138	
S00100.add-hip_adduction.C0      	0.069242871	0.069241395	0.00016374499	
lumbar_joints.lumbar_extension.KP	70.046785	69.928116	0.094606683	
lumbar_joints.lumbar_extension.KV	6.0586004	6.0625269	0.010126502	
lumbar_joints.lumbar_extension.C0	0.085838161	0.0857806	0.00016419745	
lumbar_joints.lumbar_bending.KP  	77.213516	77.14522	0.11618925	
lumbar_joints.lumbar_bending.KV  	6.6821105	6.6842982	0.011819813	
lumbar_joints.lumbar_bending.C0  	0.071899412	0.071974723	0.00016128145	
