pelvis_tilt.offset               	0.016203374	0.016245533	0.00013460623	
pelvis_list.offset               	-0.018228826	-0.018364395	0.00013504243	
pelvis_rotation.offset           	0.042036027	0.042073507	0.00014773159	
pelvis_tz.offset                 	0.080336248	0.080212919	0.00015367425	
hip_flexion_r.offset             	-0.095293873	-0.095399063	0.00014363832	
hip_adduction_r.offset           	0.01579436	0.0158992	0.00014612097	
hip_rotation_r.offset            	0.17893023	0.1790671	0.00015527396	
knee_angle_r.offset              	-0.09261173	-0.092777329	0.00015376922	
ankle_angle_r.offset             	0.0069243859	0.0070528138	0.00014797218	
hip_flexion_l.offset             	-0.067131358	-0.066953547	0.00015852857	
hip_adduction_l.offset           	0.017278568	0.017287059	0.00015455303	
hip_rotation_l.offset            	0.19227579	0.19217322	0.00015854566	
knee_angle_l.offset              	-0.1538059	-0.15383195	0.0001591584	
ankle_angle_l.offset             	-0.016625983	-0.016459168	0.00015946015	
lumbar_extension.offset          	0.11984917	0.11986833	0.0001509292	
lumbar_bending.offset            	-0.032232792	-0.031851988	0.00014594866	
lumbar_rotation.offset           	0.025685782	0.025694557	0.00014827239	
stance_load_threshold            	0.15873688	0.15862332	0.00015928179	
S11111.tib_ant.KL                	2.5115494	2.5125395	0.0016029578	
S11111.tib_ant.L0                	0.66720945	0.66739307	0.00014891637	
S11111.tib_ant-soleus.KF         	-0.29129926	-0.29144101	0.00016103095	
S00111.soleus.KF                 	1.4612625	1.4606627	0.001602481	
S00111.gastroc.KF                	2.3958768	2.3958298	0.0014728667	
S00011.vasti.KF                  	0.21798865	0.2192299	0.0014886225	
S00011.vasti.C0                  	0.12468387	0.12456919	0.00015882038	
S00011.vasti-knee_angle.pos_max  	-0.29774555	-0.29811578	0.00015964088	
S00011.hamstrings-pelvis_tilt.KP 	2.9242422	2.9239144	0.0016550209	
S00011.hamstrings-pelvis_tilt.KV 	0.1348242	0.13477525	0.00016238362	
S00011.hamstrings-pelvis_tilt.C0 	0.078059734	0.0781469	0.00014920481	
S00011.glut_max-pelvis_tilt.KP   	2.5076107	2.5047336	0.0014645247	
S00011.glut_max-pelvis_tilt.KV   	0.19554833	0.19571234	0.00014747439	
S00011.glut_max-pelvis_tilt.C0   	0.0085607129	0.008774758	0.00015426667	
S00011.iliopsoas-pelvis_tilt.KP  	-1.8867542	-1.8874264	0.001551702	
S00011.iliopsoas-pelvis_tilt.KV  	-0.44134068	-0.44151509	0.00016715104	
S00011.iliopsoas-pelvis_tilt.C0  	0.19774149	0.19778266	0.00015301093	
S10011.abd_r-pelvis_list_l.KP    	1.7021968	1.7031472	0.0015344932	
S10011.abd_r-pelvis_list_l.KV    	0.30045113	0.30034377	0.00016331077	
S10011.abd_r-pelvis_list_l.C0    	0.078424821	0.078231249	0.0001581632	
S10011.abd_l-pelvis_list_l.KP    	-1.3987084	-1.400719	0.0015215724	
S10011.abd_l-pelvis_list_l.KV    	-0.24842484	-0.24826684	0.00015975571	
S10011.abd_l-pelvis_list_l.C0    	0.052767951	0.052851316	0.00012931493	
S10011.abd_r-pelvis_list_r.KP    	2.1946139	2.1940016	0.0015238297	
S10011.abd_r-pelvis_list_r.KV    	0.20762763	0.20764898	0.00015200695	
S10011.abd_r-pelvis_list_r.C0    	0.051331001	0.05134679	0.00014394936	
S10011.abd_l-pelvis_list_r.KP    	-1.7135259	-1.7113907	0.0015826125	
S10011.abd_l-pelvis_list_r.KV    	-0.21912495	-0.21938085	0.00014827093	
S10011.abd_l-pelvis_list_r.C0    	0.028105159	0.027957638	0.00014836151	
S00100.iliopsoas.C0              	0.38530136	0.38512742	0.00016038799	
S00100.glut_max.C0               	-0.36021176	-0.36034734	0.00015390816	
S00100.rect_fem.KL               	0.24480236	0.24544789	0.0015048251	
S00100.rect_fem.L0               	0.55548885	0.55523541	0.00015038322	
S01000.bifemsh.KL                	0.16277027	0.16342202	0.0014864778	
S01000.bifemsh.L0                	0.57966033	0.5795215	0.00016094312	
S11000.iliopsoas.KL              	0.47882402	0.47899068	0.00015404216	
S11000.iliopsoas.L0              	0.66808501	0.66832021	0.0001551548	
S11000.iliopsoas-pelvis_tilt.P0  	-0.04581065	-0.045721532	0.00013346571	
S11000.iliopsoas-pelvis_tilt.KP  	1.4090068	1.4089499	0.0014392773	
S11000.iliopsoas-pelvis_tilt.KV  	0.22623386	0.22603042	0.0001579985	
S11000.iliopsoas-hamstrings.KL   	-1.267697	-1.2656376	0.0060133696	
S11000.iliopsoas-hamstrings.L0   	0.89829448	0.89883501	0.00015413706	
S11000.hamstrings.KF             	0.84125847	0.84118477	0.00016173066	
S11000.glut_max.KF               	0.54639475	0.54637617	0.0001498023	
S00100.add-hip_adduction.KP      	1.7799721	1.7781991	0.001623508	
S00100.add-hip_adduction.KV      	0.25088085	0.25063282	0.00014968534	
S00100.add-hip_adduction.C0      	0.068867811	0.069098692	0.00015068662	
lumbar_joints.lumbar_extension.KP	69.868526	69.906793	0.087703353	
lumbar_joints.lumbar_extension.KV	6.0750397	6.0708853	0.0093419535	
lumbar_joints.lumbar_extension.C0	0.085909851	0.085671509	0.0001524105	
lumbar_joints.lumbar_bending.KP  	77.051565	77.074295	0.10656872	
lumbar_joints.lumbar_bending.KV  	6.6891256	6.6902784	0.010989173	
lumbar_joints.lumbar_bending.C0  	0.072230092	0.071860688	0.00014815928	
