Step	Best	Median	Predicted	Progress
0	80.5682	92.9839	0	0
1	80.6254	94.4481	109.22	-0.000709329
2	74.5512	93.4149	-1429.7	0.0395566
3	75.9015	91.2084	-904.091	0.0253545
4	73.149	91.7801	-906.239	0.0257438
5	75.7476	91.8199	-705.001	0.0204948
6	72.6465	91.3537	-566.337	0.0168505
7	76.7228	94.4706	-373.387	0.011778
8	77.2309	92.0683	-163.777	0.00626687
9	67.7172	87.2414	-375.173	0.0119184
10	65.1358	90.3374	-533.49	0.0164189
11	69.9267	91.8199	-443.784	0.0139162
12	47.8187	89.1664	-535.895	0.016693
13	74.2329	88.7627	-445.833	0.0141126
14	70.9354	87.056	-307.028	0.0103297
15	68.879	84.2227	-214.655	0.00777551
16	71.4031	88.1419	-202.279	0.00743649
17	69.5339	87.7608	-193.171	0.00716638
18	71.2792	86.9433	-174.556	0.00666081
19	74.8982	87.6725	-149.526	0.0060019
20	69.2084	84.2545	-111.356	0.00497156
21	67.7125	85.46	-133.806	0.00558423
22	65.5981	87.6839	-158.249	0.00626047
23	70.1018	86.331	-112.764	0.00502703
24	61.4801	84.6251	-134.798	0.00563875
25	71.0256	84.5281	-99.847	0.00468403
26	68.6872	86.3621	-87.0045	0.00433505
27	67.583	81.8471	-73.948	0.00397363
28	65.5767	83.9142	-87.6658	0.00435512
29	65.9119	83.8293	-100.426	0.00470757
30	69.4182	83.5608	-88.2834	0.00437417
31	65.8284	83.3004	-87.8079	0.00436234
32	68.6873	83.4026	-84.9324	0.00428476
33	55.6047	78.1408	-88.4224	0.00438146
34	62.1338	82.785	-102.217	0.0047616
35	57.7406	80.8136	-109.729	0.00497418
36	57.2186	81.6337	-116.337	0.00515835
37	64.2643	83.0332	-110.423	0.00499904
38	65.2697	78.1818	-105.241	0.00485429
39	63.7176	82.052	-101.652	0.00475183
40	64.5218	81.2917	-96.4554	0.00460894
41	67.6071	81.939	-93.9787	0.00453763
42	64.3772	80.3058	-90.0617	0.00442886
43	62.0998	82.7775	-94.5883	0.00455714
44	71.5295	83.1241	-88.1393	0.00438044
45	64.2386	82.286	-87.5866	0.00436608
46	56.4226	80.6261	-91.284	0.00446844
47	61.1666	80.1366	-92.5428	0.00450468
48	65.2057	82.5198	-87.5695	0.00437095
49	64.3213	80.4914	-84.7083	0.00429186
50	65.9917	78.5266	-83.4202	0.0042532
51	66.7108	76.3951	-75.1325	0.00401138
52	57.4815	79.2181	-80.5719	0.00416968
53	53.8673	78.9468	-85.3731	0.00431467
54	63.7184	79.229	-81.136	0.00418714
55	63.5561	78.4818	-76.2226	0.00404382
56	46.1297	78.9708	-81.7001	0.00420474
57	54.02	79.2202	-86.5337	0.00435223
58	61.7303	81.1154	-82.2642	0.0042225
59	57.6542	80.558	-86.9055	0.00436518
60	62.9926	78.7702	-81.9645	0.00421433
61	57.8645	77.6605	-78.0305	0.00410414
62	43.2682	80.0306	-83.4386	0.00426144
63	57.5525	78.2875	-78.9031	0.00413404
64	53.385	78.5915	-84.0027	0.00427968
65	58.3938	77.3819	-79.935	0.00416492
66	62.9967	78.9824	-79.1692	0.00414318
67	52.2376	77.0609	-80.4826	0.00418234
68	65.5279	75.4475	-79.4285	0.00415189
69	59.8086	78.4899	-78.0195	0.00410784
70	61.1264	76.4567	-76.429	0.00405971
71	63.7144	78.4101	-75.8099	0.00403608
72	62.9568	75.6847	-71.4013	0.00390569
73	48.4347	75.3853	-72.7815	0.00394972
74	58.8926	75.9747	-68.8646	0.00383425
75	57.8573	74.7951	-69.1749	0.00384147
76	54.4157	74.7855	-72.1802	0.00392949
77	51.3441	74.6646	-73.9117	0.00398414
78	55.4446	75.7432	-72.8498	0.00394957
79	46.1166	76.4354	-75.3918	0.00402835
80	55.6128	71.5125	-73.6376	0.00397322
81	53.5144	76.6335	-73.9112	0.00398551
82	51.6863	76.9909	-75.476	0.00403727
83	51.2571	73.7105	-77.2305	0.00409039
84	57.1317	75.4418	-75.9916	0.00405363
85	47.4891	74.7979	-77.7514	0.00410719
86	57.0266	74.8111	-76.5071	0.00407013
87	58.7092	74.6665	-74.4058	0.00400246
88	53.4062	76.5486	-71.8071	0.00392376
89	54.5034	75.8642	-71.6904	0.0039195
90	51.2747	75.2121	-72.3047	0.00393921
91	52.0083	72.5723	-70.4515	0.00388512
92	46.8463	70.1749	-72.203	0.0039371
93	49.333	69.6409	-74.2151	0.00399892
94	56.8422	73.821	-72.6984	0.00395266
95	48.1364	69.6659	-74.7167	0.00401498
96	54.7216	74.664	-73.1938	0.00396834
97	55.1064	73.539	-71.9212	0.00393094
98	51.4384	71.2752	-71.3264	0.00391351
99	45.5867	69.6354	-72.4111	0.00394645
100	40.8249	75.8912	-74.1845	0.00400009
101	47.5713	71.6038	-76.2214	0.00406393
102	37.2025	71.869	-78.3253	0.00413319
103	31.6152	69.3929	-79.738	0.00417944
104	55.5877	67.008	-78.833	0.00415034
105	44.5292	71.3319	-80.2495	0.00419698
106	38.6242	72.4533	-82.1857	0.00425982
107	48.1721	71.1878	-80.7611	0.00421467
108	48.8635	67.6565	-80.0234	0.00419077
109	39.8647	66.6304	-81.2727	0.0042325
110	54.7271	69.7394	-80.5317	0.0042084
111	48.3911	73.1431	-79.3432	0.00416771
112	42.3606	71.5722	-81.04	0.00422619
113	43.597	72.4027	-82.1817	0.00426492
114	51.816	72.5069	-81.0285	0.004227
115	48.7196	71.1741	-79.3752	0.00417148
116	43.4311	71.8668	-81.2547	0.00423567
117	34.9939	70.2863	-82.6832	0.0042845
118	51.8804	70.1598	-81.7604	0.00425368
119	46.4696	66.6201	-80.2316	0.00420191
120	35.4229	72.1431	-82.5482	0.00428129
121	46.0085	74.4857	-81.5627	0.00424667
122	42.5359	69.6702	-82.9152	0.00429501
123	58.5749	72.6016	-81.7942	0.00425591
124	48.1161	71.8702	-80.1291	0.00420178
125	52.3309	74.1431	-79.2684	0.00417455
126	49.8215	76.0544	-78.329	0.00414702
127	34.2543	73.741	-79.7601	0.00419205
128	42.6545	73.3636	-80.1737	0.00420643
129	48.2435	72.9655	-79.808	0.00419627
130	43.4126	75.468	-79.7096	0.004194
131	52.8222	76.6349	-78.0662	0.00414308
132	51.5111	69.7219	-77.0064	0.00410835
133	47.4777	67.4647	-76.3933	0.00408751
134	44.6618	71.0967	-75.2292	0.00404832
135	35.7188	69.7048	-77.2822	0.00411855
136	22.1414	69.2933	-77.9628	0.00414238
137	47.1471	64.9706	-77.759	0.00413559
138	48.8396	67.5317	-75.7701	0.00406753
139	42.5992	70.1359	-75.3928	0.00405589
140	31.9665	70.0034	-76.2398	0.00408414
141	35.8538	62.8313	-78.6125	0.00416657
142	32.2291	65.9011	-79.344	0.0041929
143	29.6997	61.0893	-80.9608	0.0042487
144	40.4499	60.9221	-80.7544	0.00424168
145	22.4244	61.8262	-82.5212	0.00430274
146	26.5522	65.2575	-83.9999	0.00435232
147	33.2212	62.2601	-84.6116	0.00437343
148	36.6746	62.6183	-85.0958	0.00439115
149	38.1758	57.8159	-84.579	0.0043758
150	34.1009	63.6803	-85.588	0.00441051
151	31.7329	62.8764	-87.6631	0.0044821
152	34.2635	61.6954	-88.6104	0.00451744
153	21.7111	57.9767	-89.7246	0.0045605
154	38.8792	62.2873	-89.3193	0.00454514
155	42.8281	63.7127	-89.1543	0.00453819
156	41.1242	58.427	-87.0878	0.0044705
157	35.8569	59.8228	-87.1429	0.00447361
158	31.0368	64.4406	-87.9927	0.00450558
159	33.6226	59.5044	-89.9034	0.00457166
160	36.7277	63.859	-89.5737	0.00456384
161	39.3074	59.0134	-88.158	0.00451511
162	19.459	60.4606	-90.0708	0.00458476
163	38.9118	67.1769	-88.7637	0.00453961
164	33.8961	63.0709	-89.1942	0.00455702
165	36.1143	62.538	-89.1331	0.00455596
166	30.1897	58.6358	-89.8533	0.00458414
167	21.0347	66.5891	-90.4219	0.00460578
168	25.28	65.806	-91.8839	0.00465759
169	37.7118	69.9664	-90.9162	0.0046271
170	38.4211	71.6108	-90.8398	0.00462655
171	36.9668	69.3817	-90.6084	0.00461909
172	42.7789	67.1813	-90.6128	0.00462159
173	44.1882	68.084	-90.7391	0.00462741
174	42.4404	67.6645	-90.4168	0.00461852
175	42.2176	63.24	-90.0929	0.00460947
176	44.0274	64.756	-89.7272	0.00459693
177	41.999	62.9945	-88.9982	0.00457325
178	41.4249	62.7301	-88.818	0.00456714
179	42.8996	65.8243	-88.3772	0.00455195
180	36.5821	67.3548	-87.5065	0.00451889
181	41.9269	65.4864	-86.0885	0.00446514
182	10.4761	68.8806	-87.9818	0.0045394
183	40.5818	68.8199	-86.5588	0.00448517
184	42.8343	60.6736	-86.3353	0.00447806
185	36.248	66.8461	-85.8799	0.00446054
186	39.1202	67.4127	-85.5867	0.00445537
187	41.3141	64.5481	-85.421	0.00445227
188	45.6997	68.3474	-85.4705	0.00445488
189	36.7243	67.5542	-85.5172	0.0044549
190	34.4911	64.9051	-85.1588	0.00444279
191	38.8707	60.1434	-84.5316	0.0044241
192	36.117	66.1169	-84.0899	0.00440891
193	38.6462	68.2263	-83.5932	0.00439457
194	36.5485	69.6636	-83.1635	0.00438092
195	35.1491	65.4441	-83.1781	0.00438173
196	32.8299	66.0231	-82.2447	0.00434987
197	39.4307	64.6851	-81.9567	0.00434007
198	42.5357	65.7095	-81.3162	0.00431755
199	39.36	64.0863	-81.1868	0.00431464
200	33.4881	65.3091	-80.8574	0.00430257
201	37.5053	63.8442	-79.5183	0.00424851
202	20.5347	62.8033	-81.298	0.00432116
203	37.5018	69.618	-79.9545	0.00426664
204	32.9902	68.1611	-78.9162	0.00422273
205	32.322	61.3393	-78.8443	0.00421993
206	25.8396	69.222	-79.349	0.00424064
207	43.0592	60.3242	-79.2763	0.00423781
208	33.1062	65.4816	-79.3538	0.00424085
209	42.4714	68.7483	-79.1964	0.00423518
210	35.6114	65.3872	-78.3767	0.00420618
211	27.9839	61.1631	-78.7893	0.00422326
212	28.9598	65.3485	-78.1009	0.00419758
213	36.7533	68.3756	-77.1387	0.00416496
214	38.9063	62.4633	-76.4079	0.00414214
215	30.7169	60.1306	-75.8784	0.00412827
216	38.3121	65.3245	-75.3632	0.00411008
217	40.5158	60.4787	-75.1578	0.00410487
218	38.3028	62.9699	-74.464	0.00407747
219	33.8693	66.0541	-74.0303	0.00406217
220	22.4674	62.5968	-74.874	0.00409417
221	34.2715	57.6215	-74.4384	0.00407874
222	23.2673	58.5892	-75.048	0.00410202
223	31.6912	57.0914	-74.4155	0.00407976
224	35.2761	59.2886	-74.3864	0.00407872
225	37.8266	59.333	-74.1985	0.00407369
226	31.5183	58.6055	-74.0175	0.0040652
227	22.0167	60.1493	-74.0953	0.00407183
228	24.095	59.048	-74.442	0.00408837
229	27.1173	56.9824	-73.9338	0.00407017
230	33.0658	59.2326	-72.9069	0.00403704
231	36.3292	57.1168	-72.8909	0.00403789
232	30.4123	56.03	-72.6415	0.00403006
233	28.5617	55.5681	-72.7534	0.00403493
234	28.9826	56.0543	-72.2354	0.00401802
235	27.6019	57.918	-71.7597	0.00400256
236	24.5442	55.999	-71.657	0.00399976
237	37.1179	66.6282	-70.5368	0.00395634
238	30.8144	60.7079	-70.2769	0.00394614
239	36.0319	60.7868	-69.9045	0.00393231
240	30.0776	60.5479	-69.4141	0.0039133
241	28.5031	58.4406	-68.9344	0.0039001
242	35.6761	58.0516	-68.0162	0.00386999
243	25.1864	61.8316	-68.1476	0.00387676
244	30.3572	60.8836	-67.7687	0.00386208
245	29.9799	62.1119	-66.8043	0.00382955
246	33.6493	60.1898	-66.4193	0.00381454
247	28.7393	60.8507	-66.2171	0.00380858
248	32.7444	63.0473	-65.811	0.00379114
249	28.5746	57.6343	-65.4931	0.00377875
250	28.2224	60.1728	-65.3051	0.00377598
251	39.0771	56.8826	-64.9064	0.00376264
252	32.0032	56.1949	-64.3925	0.00374581
253	37.6385	58.6112	-63.9585	0.00373216
254	27.0071	59.6824	-63.2766	0.0037057
255	26.1005	59.8071	-63.1543	0.00370164
256	28.7429	60.5904	-62.8923	0.0036886
257	32.7435	62.1866	-62.2925	0.00366354
258	37.0999	60.1335	-61.7122	0.0036419
259	39.2356	61.564	-61.6718	0.00364003
260	36.331	58.4505	-61.4108	0.00363481
261	30.9929	55.2508	-60.8638	0.0036226
262	35.7198	58.8913	-60.7104	0.00361844
263	36.849	61.9674	-60.5122	0.00360878
264	36.1025	58.9301	-60.0632	0.00359291
265	30.3521	59.3296	-59.634	0.00358172
266	25.7819	58.9858	-59.5333	0.00357877
267	37.6705	58.9329	-59.3393	0.00357075
268	19.1984	57.5052	-59.8706	0.00359162
269	38.1504	63.2212	-59.643	0.00358273
270	40.5561	63.5757	-59.2804	0.00357139
271	35.3761	58.1837	-58.4813	0.00354083
272	31.4573	54.2037	-57.686	0.00350894
273	6.12524	55.0815	-58.813	0.00355341
274	7.07219	58.2226	-59.7451	0.00359218
275	31.7123	57.82	-58.8849	0.00355671
276	18.3256	55.457	-59.6468	0.00359037
277	23.4168	58.3092	-59.3535	0.00357907
278	27.392	56.901	-59.0632	0.00356741
279	30.2231	54.1287	-58.8607	0.0035565
280	20.4465	56.2693	-59.1865	0.00357177
281	26.07	54.5168	-58.2493	0.00353495
282	34.1365	56.7168	-58.2136	0.00353438
283	25.3772	58.6525	-57.7383	0.00352096
284	29.0573	59.3187	-57.0212	0.00349317
285	40.1647	54.6292	-56.4808	0.00347344
286	30.8299	53.6946	-55.6523	0.00344628
287	18.2432	55.3728	-55.8133	0.00345262
288	27.7768	57.8447	-55.3927	0.00343877
289	32.3169	59.1578	-55.2557	0.00343352
290	30.7672	56.7021	-54.1381	0.00339595
291	22.3237	54.5768	-53.5488	0.00337857
292	25.841	50.7802	-53.077	0.00336482
293	9.53314	54.7097	-53.7447	0.00338687
294	13.8551	54.3111	-54.1678	0.00340098
295	22.7424	60.1908	-53.9616	0.00339582
296	22.9815	56.0897	-53.6866	0.00338762
297	34.3775	57.1132	-53.4554	0.00338113
298	34.4402	58.6243	-52.9997	0.00336918
299	34.233	56.7063	-52.327	0.0033433
300	35.0414	56.6882	-51.3521	0.00330853
301	33.2002	54.9788	-50.8207	0.00328926
302	18.1926	55.5635	-51.4406	0.00331335
303	24.4995	57.9495	-51.1145	0.00330011
304	24.3543	59.2889	-50.9784	0.00329486
305	29.0332	55.078	-50.7958	0.00328783
306	32.9894	54.8582	-50.4193	0.00327348
307	25.1041	53.7758	-49.8095	0.00325213
308	21.3231	52.9151	-49.7213	0.00325208
309	8.82049	53.8676	-50.4118	0.00327503
310	9.78447	54.6984	-51.0666	0.0033
311	23.8669	54.8315	-50.701	0.00328579
312	18.7668	50.7194	-50.6994	0.0032868
313	25.218	56.6482	-50.3341	0.00327552
314	27.3442	49.3326	-50.1097	0.00326903
315	23.3109	48.5725	-50.0893	0.0032691
316	16.8305	51.9088	-50.519	0.00328366
317	22.9571	51.7859	-50.3956	0.0032805
318	16.2035	46.0317	-50.8102	0.00329464
319	24.5314	52.5868	-50.681	0.0032913
320	25.6769	48.518	-50.4796	0.00328541
321	8.30114	46.8643	-50.9664	0.00330216
322	16.2037	45.9964	-51.3828	0.00331649
323	7.06331	44.3579	-51.7774	0.00333032
324	19.321	44.3882	-52.0332	0.00333976
325	9.05245	49.7803	-52.4565	0.00335604
326	23.6278	47.504	-52.3194	0.00335091
327	15.9993	46.1029	-52.6533	0.00336429
328	13.7532	43.4945	-53.073	0.00338064
329	13.7822	48.3264	-53.6669	0.00340498
330	7.00139	48.0803	-54.1759	0.00342476
331	14.7956	43.061	-54.3554	0.00343211
332	17.9117	42.5505	-54.5329	0.00343954
333	12.948	44.0121	-54.91	0.00345392
334	6.11246	43.1058	-55.6372	0.00348233
335	6.623	41.342	-55.9711	0.0034956
336	11.0206	42.5083	-56.343	0.00350785
337	23.1125	41.8247	-56.2649	0.00350787
338	9.01188	40.6187	-56.6377	0.0035202
339	13.4079	37.0203	-56.9206	0.00353399
340	8.01216	42.2994	-57.2937	0.0035487
341	6.58818	39.34	-57.8249	0.00357082
342	27.1143	42.6172	-57.5893	0.00356134
343	7.65711	40.8988	-58.1215	0.00358362
344	8.68092	43.1354	-58.4816	0.00359876
345	8.15766	36.011	-58.9917	0.00362175
346	22.0273	42.587	-58.7788	0.00361176
347	6.89016	44.8722	-59.2897	0.00363492
348	8.20778	38.4595	-59.5882	0.00364754
349	12.43	43.0612	-59.8541	0.00365874
350	8.97199	36.5767	-60.1794	0.0036735
351	8.94454	41.9395	-60.863	0.0037023
352	9.46747	37.2823	-61.5317	0.00372643
353	8.75706	38.5583	-62.4937	0.0037703
354	7.94938	40.7555	-62.9777	0.00379169
355	7.08635	40.3426	-63.4414	0.00381264
356	5.90345	35.9524	-63.7342	0.00382739
357	8.31012	41.4864	-64.0803	0.00384484
358	6.93154	39.5231	-64.396	0.00385901
359	10.4759	37.2824	-64.7446	0.00387876
360	7.28081	40.3257	-65.2425	0.00390538
361	7.34763	36.0979	-65.7566	0.00392983
362	9.34175	34.6567	-66.1811	0.00394978
363	6.8566	41.3489	-66.738	0.00397502
364	19.0448	40.1349	-66.4634	0.00396427
365	10.4502	41.3381	-66.7467	0.00397813
366	13.9211	39.8106	-66.6588	0.00397497
367	6.02153	40.8992	-67.0567	0.00399402
368	9.12819	35.4281	-67.2731	0.00400541
369	9.0227	37.6831	-67.4642	0.00401522
370	6.85553	35.0083	-67.8504	0.00403438
371	6.75604	35.7853	-68.2642	0.00405506
372	8.98175	39.2814	-68.526	0.00406776
373	8.65253	32.948	-68.5369	0.00407049
374	8.40637	32.9403	-68.6545	0.00407862
375	6.64214	36.7428	-69.0673	0.00409704
376	7.57727	34.5203	-69.3536	0.00411185
377	8.58762	41.4314	-69.5158	0.00411913
378	16.0137	38.4609	-69.5053	0.00412091
379	7.61682	40.2589	-69.7623	0.00413381
380	7.0142	36.1729	-70.1465	0.00415433
381	6.05776	35.9995	-70.6889	0.00417996
382	7.31448	40.0346	-70.9598	0.00419493
383	6.84152	34.4459	-71.2756	0.00421105
384	6.4591	39.2847	-71.5368	0.00422631
385	6.70875	38.5216	-71.7779	0.00423854
386	9.27991	37.5415	-71.803	0.00424185
387	6.66942	35.1766	-71.8823	0.00424687
388	9.79672	36.7967	-71.9925	0.00425325
389	6.50077	32.6435	-71.9852	0.00425454
390	6.47021	39.1084	-72.0231	0.00425721
391	10.1993	38.2755	-72.1365	0.00426466
392	13.6916	35.9777	-71.9336	0.00425664
393	6.30425	31.0537	-72.0441	0.00426367
394	11.1576	40.9516	-72.0426	0.00426414
395	8.1683	32.7214	-72.0143	0.00427028
396	9.80868	35.5096	-72.0187	0.00427729
397	7.38593	35.0578	-71.8442	0.00427275
398	9.13227	34.7325	-71.8638	0.00427638
399	7.35176	37.6296	-71.9501	0.00428063
400	6.39851	31.1617	-72.0347	0.00428632
401	9.76221	38.7427	-72.1056	0.00429209
402	7.12637	35.9915	-72.0011	0.00428905
403	8.6626	39.1264	-72.0075	0.00428842
404	9.19658	38.7844	-72.0421	0.00429056
405	9.17972	34.4128	-72.0518	0.00429123
406	9.64999	32.9857	-71.9414	0.00428921
407	5.94842	39.3086	-71.948	0.00428476
408	16.7839	34.0819	-71.7478	0.00426957
409	17.0175	36.2699	-71.7336	0.00426671
410	7.76034	32.3702	-71.717	0.00426511
411	10.1426	39.8341	-71.5099	0.00425647
412	7.71062	39.6096	-71.5036	0.00425331
413	17.104	36.5414	-71.4319	0.0042517
414	6.30274	37.4777	-71.5096	0.00425756
415	12.3028	39.9746	-71.5214	0.00425928
416	6.96745	34.6869	-71.2348	0.00425078
417	13.8438	36.7315	-71.0436	0.0042398
418	15.4714	34.3407	-70.9775	0.00423105
419	6.60109	33.383	-71.0071	0.00423432
420	8.4709	33.8231	-70.918	0.00423494
421	6.53555	37.1403	-70.894	0.00423914
422	7.42045	37.9601	-70.9573	0.00424356
423	5.544	32.7906	-71.0373	0.00425002
424	8.05936	36.3691	-71.1095	0.00425631
425	6.03331	34.5646	-71.0901	0.00425563
426	9.97197	29.9909	-70.9685	0.00425631
427	16.178	34.8951	-70.8789	0.00425535
428	10.627	32.6414	-70.826	0.00425007
429	6.0354	34.9501	-70.7564	0.00425091
430	6.77539	35.5527	-70.7812	0.00425799
431	7.55975	31.7126	-70.6388	0.00425375
432	7.45215	27.7841	-70.6459	0.00425537
433	9.92789	34.5437	-70.5988	0.00425311
434	7.19281	31.5066	-70.534	0.0042501
435	6.44686	33.5886	-70.5399	0.00425317
436	6.53677	29.2229	-70.5462	0.00425459
437	6.49213	30.0526	-70.4711	0.00425382
438	7.40811	33.7477	-70.3641	0.00425042
439	7.47797	29.4331	-70.1647	0.00424551
440	6.69762	32.4168	-70.1702	0.00424755
441	7.85412	31.8746	-70.0709	0.00424123
442	6.87453	29.7508	-69.9514	0.00423475
443	9.63665	32.8916	-69.9916	0.00424065
444	8.20093	31.4382	-70.0141	0.00424464
445	8.24797	25.475	-69.9549	0.00424088
446	6.45971	30.7538	-69.8007	0.00423287
447	8.27277	28.2894	-69.7778	0.00423536
448	8.04753	28.0167	-69.5982	0.00423063
449	5.89031	30.1921	-69.575	0.0042293
450	8.24912	26.3964	-69.5499	0.00422999
451	6.01598	32.9549	-69.5775	0.00423507
452	7.18163	30.6769	-69.4661	0.0042315
453	8.67502	31.8639	-69.4895	0.00423674
454	6.47403	30.6924	-69.3873	0.00423433
455	7.57386	32.76	-69.2159	0.00423033
456	6.71845	33.8188	-69.2636	0.00423561
457	7.1793	24.7106	-69.2647	0.00423892
458	6.73174	24.8191	-69.3337	0.00424487
459	5.98884	27.1763	-69.3062	0.00424833
460	6.19127	29.3967	-69.3264	0.00425206
461	7.61132	27.9413	-69.2614	0.00425508
462	6.00523	27.0679	-69.2302	0.00425886
463	7.00076	30.1891	-69.1623	0.00425715
464	6.08182	27.0277	-69.0954	0.00425684
465	6.3239	30.3856	-68.9519	0.00425323
466	6.23727	30.7487	-69.0185	0.00425795
467	6.77513	26.9585	-69.0947	0.00426375
468	6.91487	28.445	-69.1257	0.00426816
469	11.9183	27.0378	-69.1277	0.0042693
470	6.4288	24.259	-69.1813	0.0042721
471	6.99304	34.5627	-69.1673	0.00427361
472	6.2241	31.8052	-69.1933	0.00427458
473	7.01583	33.8393	-69.0552	0.0042708
474	8.09918	29.7767	-68.9152	0.00426593
475	7.07173	29.7696	-68.6879	0.00425975
476	7.65851	29.3154	-68.6909	0.00426113
477	6.87113	30.6476	-68.6888	0.00425892
478	8.9758	31.0407	-68.6155	0.00424922
479	9.40376	33.5065	-68.5775	0.0042467
480	6.68125	32.3262	-68.6263	0.00424995
481	7.78089	34.3147	-68.4308	0.00424082
482	6.81787	32.2217	-68.4451	0.00424314
483	5.95224	30.2691	-68.2005	0.00423548
484	6.8848	27.0013	-68.1783	0.0042306
485	7.35836	30.9143	-68.2189	0.00423439
486	5.973	27.8744	-68.2449	0.0042374
487	6.39733	26.8663	-68.1477	0.0042333
488	6.64077	30.1133	-68.2175	0.00423884
489	6.50966	30.6437	-68.0616	0.00423402
490	7.09226	26.9214	-67.9524	0.00422933
491	5.89608	30.6319	-67.9061	0.00422525
492	6.52288	29.4754	-67.927	0.00422506
493	6.10257	27.1448	-67.985	0.00423121
494	9.14908	29.4627	-68.004	0.00423585
495	6.52096	28.1793	-67.9385	0.00423521
496	6.27036	35.8086	-67.7761	0.00423211
497	7.20248	27.1471	-67.8193	0.00423508
498	7.06762	25.1865	-67.8319	0.00423904
499	6.11174	27.258	-67.7538	0.00423517
500	8.05312	25.9273	-67.3319	0.00422598
501	7.61977	29.0924	-67.2018	0.00423439
502	6.93142	27.962	-67.1522	0.00424471
503	6.99055	25.8846	-66.9405	0.00425164
504	6.21982	28.1928	-66.8852	0.00426292
505	7.13487	29.6363	-66.7724	0.00426779
506	6.79358	30.4604	-66.79	0.00427986
507	8.62321	34.2919	-66.6324	0.00428335
508	6.03576	26.1796	-66.457	0.00429039
509	5.90746	24.6531	-66.4232	0.00430304
510	5.95429	32.8903	-66.4223	0.00431694
511	6.92916	25.0146	-66.3452	0.00432863
512	7.06028	27.3903	-66.3756	0.00433307
513	5.57188	30.6493	-66.2229	0.00433854
514	9.36691	34.9461	-66.1417	0.0043487
515	7.13773	30.4311	-65.9994	0.00435909
516	8.17489	25.485	-65.9535	0.00437312
517	7.74697	24.4723	-65.8045	0.00438336
518	7.21106	27.4009	-65.5794	0.00438847
519	6.5647	19.8237	-65.4469	0.00439675
520	6.74154	23.5449	-65.3302	0.00440483
521	8.15387	28.8644	-65.2097	0.00441053
522	7.57031	25.2435	-65.0802	0.00441968
523	6.36132	22.7339	-64.9437	0.00442422
524	6.39972	23.4821	-64.7579	0.00442787
525	7.07895	27.234	-64.6253	0.00443611
526	6.84361	25.2754	-64.5787	0.00444821
527	8.17532	26.3771	-64.2914	0.00444479
528	6.18232	24.8582	-63.8654	0.00443304
529	6.25761	25.1072	-63.7994	0.00444478
530	6.40161	24.4848	-63.6651	0.00445445
531	7.59217	30.0916	-63.4916	0.00445899
532	6.24143	28.7348	-63.2078	0.00445751
533	8.16146	27.8097	-62.8648	0.00444824
534	5.98961	32.2692	-62.6366	0.00445533
535	6.41107	25.6058	-62.5766	0.00446511
536	6.57526	31.2662	-62.3389	0.00446639
537	6.14894	31.8969	-62.062	0.00446241
538	6.26419	27.998	-61.8285	0.00446459
539	6.43713	25.2813	-61.8566	0.0044825
540	6.34866	26.8383	-61.8249	0.00449807
541	6.74557	25.2672	-61.5511	0.00449471
542	6.25792	26.1758	-61.2237	0.00448702
543	7.89968	25.6755	-61.0934	0.00449897
544	7.02034	30.7663	-60.9139	0.00451029
545	7.85072	29.5233	-60.7075	0.00451558
546	5.46542	27.4609	-60.4986	0.00451936
547	8.46946	31.9864	-59.7802	0.00450253
548	7.99755	27.6994	-59.3514	0.00450155
549	6.66154	30.8017	-59.1024	0.00450487
550	7.11948	27.1965	-58.9677	0.00451373
551	6.32179	26.5173	-58.4189	0.00450372
552	6.01586	31.8726	-58.3063	0.00451245
553	5.86932	25.8848	-58.2176	0.00452124
554	5.83791	26.0416	-58.0816	0.00452511
555	6.51283	24.3106	-57.8881	0.0045304
556	6.50315	27.3853	-57.9596	0.00454382
557	7.01561	27.5451	-57.5601	0.00453806
558	6.99709	25.9455	-57.5486	0.00455116
559	6.4577	25.4636	-57.3974	0.00456138
560	6.82043	32.3914	-57.3433	0.00457613
561	6.23953	29.3964	-57.1912	0.00458652
562	6.08755	26.1358	-56.8195	0.00457573
563	6.29837	28.1059	-56.3901	0.00456863
564	6.36246	24.718	-56.0424	0.00456425
565	6.45059	30.0748	-55.7315	0.00455903
566	6.54609	34.2115	-55.4435	0.00455236
567	8.99332	31.9529	-55.1954	0.00454851
568	6.67504	29.7408	-55.0413	0.00455187
569	6.91427	30.0891	-54.3053	0.00451801
570	6.18726	27.5007	-53.9224	0.00450373
571	6.52131	29.5817	-53.6113	0.00449928
572	5.96761	23.6305	-53.2807	0.0044998
573	6.31019	25.4347	-52.9899	0.00449588
574	6.40017	27.2891	-52.3231	0.00445956
575	6.51458	26.9068	-51.0176	0.00438521
576	6.93527	26.2835	-50.1846	0.00435471
577	6.47465	23.2253	-49.3327	0.00430956
578	6.29507	21.6509	-48.5452	0.00427377
579	7.3664	27.8303	-48.1098	0.00426569
580	6.49307	29.1505	-47.7828	0.00426152
581	6.31769	23.8843	-46.405	0.00417892
582	6.09991	26.0139	-45.5534	0.00413526
583	6.28137	23.0142	-44.5424	0.00409267
584	7.37298	22.8292	-43.6446	0.0040513
585	6.03238	24.5593	-42.4926	0.00399121
586	6.14662	21.7457	-41.9138	0.00396351
587	6.59653	24.72	-41.0158	0.00392022
588	5.92679	17.6867	-40.6146	0.00390306
589	6.5991	25.3292	-38.6046	0.0037831
590	6.38017	29.6682	-38.346	0.00378659
591	6.08422	22.6652	-37.1289	0.00372982
592	7.14285	22.6995	-36.4167	0.00369998
593	6.59823	23.8738	-35.1442	0.00364287
594	6.82854	23.4374	-33.9552	0.0035903
595	6.54011	22.4556	-33.2673	0.00356838
596	6.28384	20.5245	-32.6514	0.00353859
597	5.89035	24.6348	-32.0006	0.00351691
598	5.54124	24.0821	-31.5579	0.00350915
599	6.11316	22.6125	-30.8868	0.00346812
600	7.02061	26.1242	-29.7999	0.00341595
601	6.0827	29.8892	-29.2226	0.00339867
602	6.39939	29.0865	-28.5235	0.0033557
603	6.47782	25.4143	-27.5982	0.00329987
604	6.75211	22.0257	-26.7285	0.00325146
605	7.00582	23.8748	-25.5745	0.00320117
606	6.37433	24.1037	-25.1032	0.00319273
607	6.44841	26.2765	-24.8506	0.00319176
608	7.35919	23.1347	-24.234	0.00316784
609	5.75205	24.5826	-23.2414	0.00311423
610	6.45401	24.5097	-22.5474	0.0030913
611	6.01348	25.0095	-21.8355	0.00306101
612	6.12331	22.7404	-21.3474	0.00304078
613	5.90389	24.8667	-21.197	0.00304162
614	6.54785	25.3605	-20.8341	0.00302985
615	5.76639	21.3948	-19.9197	0.00297405
616	6.80587	24.6706	-19.3298	0.00294579
617	6.25832	21.8222	-18.9233	0.00292404
618	5.75127	25.6462	-18.6424	0.00291616
619	5.88722	25.7818	-17.933	0.00287849
620	6.25826	20.0284	-17.8281	0.00287933
621	6.24027	24.2299	-17.3268	0.00285983
622	6.06051	25.4008	-16.7544	0.00283265
623	6.74953	23.7034	-16.4832	0.00282275
624	6.12438	17.627	-15.5849	0.00277328
625	6.61043	19.2924	-15.0461	0.00273833
626	5.86599	18.4991	-14.5194	0.00270914
627	5.8029	19.4831	-14.113	0.002686
628	5.8067	22.1971	-13.9707	0.00267929
629	5.72226	23.959	-13.4253	0.00264169
630	6.24489	23.1817	-12.9291	0.00261199
631	6.27222	20.9638	-12.4897	0.00257824
632	6.19217	20.5389	-12.0636	0.00254296
633	5.78214	23.7312	-11.5257	0.00250572
634	6.75546	21.932	-11.0945	0.00247701
635	6.14785	26.488	-10.8923	0.00246611
636	5.71728	23.1396	-10.7311	0.0024586
637	6.44639	23.2662	-10.5902	0.00245163
638	6.9149	19.798	-10.1888	0.00242176
639	6.01392	17.4029	-9.92446	0.00240395
640	5.55678	20.7549	-9.60515	0.0023834
641	5.99254	23.3439	-9.41162	0.00237193
642	5.79976	23.3126	-9.01035	0.00233892
643	6.2918	27.2111	-8.5479	0.00229703
644	5.81631	21.2764	-8.26189	0.00227637
645	5.85203	25.955	-7.98034	0.00225415
646	5.86389	26.8697	-7.70909	0.0022297
647	5.72225	22.4822	-7.56394	0.00221877
648	5.86736	18.8909	-7.19292	0.002184
649	5.94334	23.7475	-6.89955	0.00215528
650	5.73125	24.5372	-6.67635	0.00213479
651	5.58476	23.4977	-6.43923	0.00211441
652	5.72043	21.9211	-6.11978	0.0020849
653	5.70541	22.0239	-5.94492	0.0020701
654	6.10328	23.2284	-5.86882	0.00206474
655	5.70366	22.3474	-5.61061	0.00204016
656	6.28635	21.8584	-5.44344	0.00202519
657	6.03065	20.9428	-5.16	0.00199544
658	5.80238	14.5277	-4.84845	0.00196259
659	5.95584	20.4951	-4.74861	0.00195336
660	5.72008	18.8818	-4.41891	0.001917
661	5.56015	17.7641	-4.2033	0.00189355
662	5.95798	19.1887	-3.8845	0.00185834
663	6.06383	19.2693	-3.77259	0.00184656
664	5.80151	14.0696	-3.47449	0.00181129
665	5.72381	17.3314	-3.38063	0.00180115
666	5.94898	20.3841	-3.33727	0.0017971
667	6.4264	17.0251	-3.20022	0.00178091
668	6.32168	24.4888	-2.98581	0.00175426
669	5.77523	14.565	-2.90836	0.00174523
670	6.79724	19.8213	-2.75528	0.00172585
671	6.06395	18.6969	-2.54449	0.00169862
672	6.092	21.0968	-2.50666	0.00169471
673	5.92484	17.1763	-2.32653	0.0016716
674	5.81615	18.6694	-2.15645	0.00164991
675	6.08994	23.664	-2.08353	0.00164079
676	5.67398	17.1956	-2.03545	0.00163481
677	6.00846	17.3587	-1.91613	0.00161882
678	5.64634	21.3646	-1.82966	0.00160766
679	5.80282	18.5719	-1.7182	0.00159269
680	6.18956	18.3354	-1.65768	0.00158477
681	5.75317	15.3889	-1.55542	0.00157059
682	5.78287	20.8437	-1.56832	0.00157273
683	6.15074	17.9471	-1.49619	0.00156261
684	6.24266	20.1129	-1.38911	0.00154709
685	5.68776	16.9408	-1.2818	0.00153188
686	6.51783	20.8734	-1.2203	0.00152328
687	6.29223	20.3375	-1.14137	0.0015119
688	5.68085	14.1943	-1.04578	0.00149774
689	5.5698	18.8325	-0.959712	0.00148515
690	5.93291	19.4131	-0.932286	0.00148128
691	6.36187	22.5651	-0.85627	0.00146995
692	5.43203	14.2092	-0.811994	0.00146341
693	5.94455	19.2447	-0.722764	0.00144982
694	6.23981	22.3583	-0.642397	0.00143762
695	5.5776	15.4843	-0.568465	0.00142607
696	5.77252	18.0777	-0.522263	0.00141891
697	5.79854	20.3981	-0.431008	0.0014046
698	5.6884	17.4037	-0.371032	0.00139513
699	5.82399	17.9102	-0.307792	0.00138503
700	6.10477	19.9606	-0.263516	0.00137797
701	6.18139	20.0799	-0.135856	0.00135732
702	5.90889	18.5529	-0.0796108	0.00134816
703	5.76979	18.7997	-0.0692043	0.00134648
704	5.59842	23.1601	-0.0370359	0.00134122
705	6.1531	22.3501	0.0594101	0.0013253
706	6.17534	18.3954	0.143628	0.00131135
707	5.84303	17.9875	0.164243	0.00130789
708	6.04463	17.3196	0.196773	0.00130241
709	5.63919	16.7636	0.289872	0.00128672
710	5.75213	18.6799	0.352947	0.00127596
711	5.84137	15.3389	0.374111	0.00127225
712	5.80824	21.8837	0.422216	0.00126391
713	5.73459	23.612	0.501726	0.00125014
714	6.05885	22.6895	0.552047	0.00124127
715	6.35996	20.4609	0.58919	0.00123468
716	5.77688	18.3438	0.61802	0.00122961
717	5.77284	13.193	0.66893	0.00122055
718	5.93843	22.9537	0.732181	0.00120939
719	5.90995	17.8453	0.774655	0.00120165
720	5.39866	22.6489	0.778506	0.0012007
721	5.83616	21.7871	0.846327	0.00118849
722	5.48524	19.1132	0.88382	0.00118175
723	6.16541	21.9229	0.903886	0.00117793
724	5.73223	20.1843	0.948466	0.00116983
725	6.133	18.5065	0.979563	0.00116392
726	6.30961	17.9276	1.01304	0.00115762
727	6.03778	15.8264	1.03885	0.00115268
728	5.87117	17.7131	1.08856	0.00114352
729	6.00196	17.2297	1.13194	0.00113539
730	5.735	15.3836	1.15575	0.00113065
731	5.93974	21.6257	1.16144	0.00112928
732	5.90764	21.0516	1.21837	0.00111864
733	5.9051	18.5112	1.28798	0.00110572
734	6.03018	22.0642	1.31018	0.00110142
735	5.64127	17.4079	1.35335	0.0010932
736	6.16147	23.1105	1.39582	0.001085
737	5.83507	22.9397	1.43368	0.00107756
738	5.95989	16.0547	1.47098	0.00107024
739	5.31631	18.6392	1.4991	0.00106446
740	5.89678	19.3124	1.51527	0.00106111
741	5.83247	23.0209	1.53535	0.00105704
742	5.61738	21.9712	1.58258	0.00104805
743	5.95714	25.0386	1.63203	0.00103835
744	5.62719	16.2844	1.65709	0.00103311
745	5.71001	22.7789	1.71387	0.00102171
746	5.76126	19.548	1.72857	0.00101857
747	5.51324	23.9664	1.76768	0.00101082
748	5.70672	20.1083	1.78304	0.00100752
749	5.55139	19.6052	1.81566	0.00100096
750	5.64982	19.8627	1.83705	0.000996563
751	5.59573	14.2075	1.86313	0.000991377
752	5.33834	19.2972	1.86556	0.000990512
753	5.78933	21.6556	1.8852	0.000986376
754	5.74757	21.8131	1.90864	0.000981338
755	5.59436	16.7042	1.92603	0.000977304
756	5.93229	14.4589	1.98436	0.00096543
757	5.76781	19.8621	2.00613	0.000960805
758	5.80788	22.4175	2.02605	0.000956325
759	5.8673	16.4921	2.04511	0.00095199
760	5.73667	12.8715	2.09621	0.000941842
761	5.75031	21.2959	2.12032	0.000936775
762	5.8731	17.3978	2.1602	0.00092862
763	5.71884	17.0623	2.18482	0.000923274
764	5.62526	16.7919	2.20495	0.000918775
765	5.65122	15.4428	2.22187	0.000914865
766	5.89901	18.538	2.26575	0.000905882
767	5.68435	18.5127	2.27358	0.000903809
768	5.34073	13.254	2.29786	0.000898321
769	5.76017	12.1058	2.33737	0.000889627
770	5.50946	12.9509	2.36755	0.00088293
771	5.85063	15.335	2.37003	0.000881893
772	5.71152	12.505	2.39907	0.00087531
773	5.80647	16.0811	2.39744	0.000875514
774	6.05614	19.1332	2.39772	0.000875479
775	5.70995	12.3681	2.44316	0.000865731
776	5.62566	19.7497	2.45849	0.000861863
777	5.89931	20.5668	2.47945	0.000856956
778	5.72092	13.4787	2.49354	0.000853691
779	5.799	14.5593	2.51699	0.000848326
780	5.92351	15.5418	2.56228	0.000838495
781	5.58344	7.98768	2.59264	0.000831901
782	5.95249	13.7701	2.60022	0.000829899
783	5.54553	14.4181	2.6329	0.000823059
784	5.39449	16.8076	2.63843	0.000821357
785	5.53471	16.2807	2.66198	0.000815892
786	5.79881	17.462	2.67545	0.000812498
787	5.48912	8.11265	2.70917	0.000805382
788	5.67485	13.1225	2.73739	0.000799049
789	6.16551	14.9041	2.75836	0.000794189
790	5.62821	17.0218	2.78225	0.000788664
791	5.6531	18.7614	2.79716	0.000784874
792	5.84263	13.9465	2.82644	0.000778142
793	5.58983	18.5173	2.84007	0.00077444
794	5.79739	16.0457	2.87485	0.000766902
795	5.87211	19.1112	2.89309	0.000762566
796	5.77484	17.1098	2.91306	0.000757594
797	5.91784	20.4094	2.9303	0.000753472
798	5.46149	21.174	2.93173	0.000752395
799	5.9638	22.2855	2.95851	0.000746334
800	5.90255	20.9778	2.97453	0.000742254
801	5.65715	18.1416	2.98166	0.000740136
802	5.84482	20.4217	2.99915	0.000736316
803	5.75351	16.6713	3.0151	0.000732701
804	5.78474	17.1156	3.05268	0.000724604
805	5.7779	19.2302	3.07043	0.000720341
806	5.4353	20.97	3.07418	0.000718282
807	5.85671	20.0733	3.12618	0.000706651
808	5.58037	12.125	3.146	0.000701758
809	5.72109	21.3756	3.1589	0.000698348
810	6.1916	20.7437	3.17672	0.000693711
811	5.50118	20.8995	3.2113	0.000686655
812	5.57371	16.2717	3.23465	0.00068169
813	5.29942	16.9142	3.24729	0.000677795
814	5.56242	15.9972	3.26687	0.000673067
815	5.74308	21.1728	3.27707	0.000670052
816	6.02707	15.9279	3.29915	0.00066471
817	5.79285	14.3768	3.32462	0.000658043
818	5.89194	21.617	3.3375	0.00065463
819	5.66275	12.0563	3.34579	0.000652285
820	5.46013	19.3537	3.34406	0.000651824
821	5.30099	21.5294	3.36048	0.00064763
822	5.46492	22.2813	3.37822	0.000643185
823	5.53284	14.4897	3.3624	0.000646193
824	5.76747	13.168	3.37442	0.000643208
825	5.81438	22.2478	3.40183	0.000636772
826	5.78384	8.05198	3.41747	0.000633271
827	5.60775	12.2362	3.44394	0.000627088
828	5.71331	9.00603	3.45441	0.000624261
829	5.52203	15.1265	3.48076	0.00061754
830	5.41693	20.1229	3.46446	0.000620761
831	5.98596	14.2974	3.49685	0.000613021
832	5.67217	12.8608	3.51851	0.000607776
833	5.62143	16.4739	3.54925	0.000600258
834	5.68057	7.80289	3.54794	0.000600379
835	5.55296	13.7216	3.53799	0.000602471
836	5.42766	18.5137	3.54949	0.000598881
837	5.43326	8.06923	3.5522	0.000597479
838	5.5198	13.8685	3.5602	0.000594858
839	5.57	16.3987	3.57157	0.00059153
840	6.03459	14.6274	3.57999	0.000589249
841	5.63246	20.2452	3.57309	0.00059039
842	5.73749	17.2451	3.59688	0.000584721
843	5.44735	16.4546	3.60353	0.000582001
844	5.62453	15.891	3.62458	0.000576474
845	5.82482	19.1015	3.63876	0.000572512
846	5.7907	12.9122	3.64683	0.000570083
847	5.656	10.7377	3.64507	0.000570241
848	5.89343	12.809	3.66465	0.000565275
849	5.69459	12.6456	3.67493	0.000562695
850	5.86464	18.2398	3.69554	0.000557818
851	5.53011	14.3163	3.69664	0.000557064
852	5.99336	19.07	3.70335	0.000555202
853	5.44283	17.2675	3.70653	0.000554006
854	5.65082	13.8714	3.71561	0.000551683
855	5.50686	12.2489	3.71788	0.000550757
856	5.72536	15.2861	3.71458	0.000551044
857	5.64482	19.1663	3.72512	0.000548217
858	5.68364	13.7399	3.73173	0.000546477
859	5.64074	14.3745	3.7509	0.000541723
860	6.15716	20.4405	3.77595	0.000535833
861	5.35962	12.6306	3.78695	0.000532769
862	5.86785	14.9445	3.79907	0.000529308
863	5.89274	18.6642	3.8025	0.000528708
864	5.81652	19.0761	3.81317	0.000525923
865	5.79528	16.2432	3.82216	0.000523446
866	5.62341	15.0056	3.83757	0.000519718
867	5.33274	14.1335	3.81875	0.000523331
868	5.6962	17.1186	3.83266	0.000519865
869	5.56747	15.4988	3.84448	0.000516587
870	5.96692	16.3737	3.84407	0.000516372
871	5.31944	13.3497	3.83289	0.000518369
872	5.84565	8.44782	3.83759	0.000516905
873	5.59588	9.47109	3.84755	0.000514297
874	5.51728	14.3479	3.85981	0.000510677
875	5.21747	9.7398	3.84391	0.000514129
876	5.62157	15.6526	3.85712	0.000510278
877	5.54105	11.2254	3.86608	0.000507672
878	5.5892	18.6544	3.87802	0.00050428
879	5.62571	17.1055	3.89395	0.000500443
880	5.53566	15.2591	3.8997	0.000498766
881	5.6746	18.2392	3.90161	0.000498613
882	5.76227	13.5811	3.90933	0.000496461
883	5.4619	13.2853	3.90731	0.000497116
884	5.77561	12.9225	3.90519	0.000497652
885	5.48635	18.3901	3.90612	0.000497578
886	5.66343	17.9132	3.92012	0.000493651
887	5.10121	8.57803	3.90222	0.000497523
888	5.67539	13.4012	3.9155	0.000493796
889	5.62468	11.5196	3.91466	0.000493864
890	5.38659	17.0293	3.91159	0.000494108
891	5.4023	10.6425	3.91214	0.000493219
892	5.40013	17.4345	3.9135	0.000491869
893	5.26707	11.326	3.89475	0.000495931
894	5.30018	17.2509	3.89263	0.000495522
895	5.63387	18.6471	3.90314	0.000492314
896	5.51217	16.692	3.91252	0.000489687
897	5.42935	11.8758	3.93256	0.000484856
898	5.70928	20.4214	3.93915	0.000482832
899	5.88239	15.9871	3.94924	0.000480088
900	5.53018	11.3424	3.94961	0.000480059
901	5.66007	12.8437	3.9641	0.000476387
902	5.50786	12.6421	3.97565	0.000473739
903	5.48218	14.7359	3.99236	0.000469387
904	5.66725	16.1881	4.00146	0.000466732
905	5.30291	11.1086	3.99928	0.000466324
906	5.57117	15.3194	4.0178	0.000462189
907	5.79053	15.0749	4.01638	0.000462296
908	5.2368	7.96118	4.01212	0.000462617
909	5.62248	12.2592	4.0152	0.000461498
910	5.48306	9.61675	4.03147	0.000457409
911	5.4289	17.1631	4.03959	0.000454922
912	5.46503	9.91462	4.05244	0.000451698
913	5.41867	19.3024	4.06253	0.000448625
914	5.76262	16.5185	4.06019	0.000448797
915	5.52132	13.3085	4.07351	0.000444855
916	5.49181	10.2362	4.08035	0.000442811
917	5.66493	17.6862	4.08751	0.000440694
918	5.58869	18.0468	4.09417	0.000438453
919	5.69443	17.4112	4.10171	0.00043627
920	5.55722	14.9594	4.10446	0.000435165
921	5.51332	12.155	4.10346	0.000435237
922	5.2366	18.2286	4.09916	0.000435544
923	5.4645	13.8013	4.09816	0.000435616
924	5.81307	17.8823	4.11423	0.000431727
925	5.6648	18.0118	4.11191	0.000431892
926	5.57579	13.0343	4.12294	0.000429281
927	5.26264	12.0041	4.12344	0.000428554
928	5.63513	13.1513	4.1308	0.000426316
929	5.57453	14.1258	4.1295	0.000426407
930	5.41716	13.1294	4.15146	0.000420956
931	5.39123	13.1385	4.14913	0.000420844
932	5.67154	15.1873	4.15893	0.000417948
933	5.44595	7.88622	4.16423	0.000415938
934	5.70064	13.906	4.17045	0.000414143
935	5.35808	6.74308	4.16189	0.000415675
936	5.3025	20.5052	4.15292	0.000417518
937	5.78986	19.9277	4.15375	0.000417461
938	5.64078	17.02	4.17116	0.000412725
939	5.58906	13.1911	4.17491	0.000411358
940	5.54985	16.0853	4.17469	0.00041093
941	5.54596	17.3416	4.18659	0.000407852
942	5.78345	15.87	4.20859	0.000401972
943	5.40193	8.47523	4.20888	0.000401322
944	5.42581	16.9781	4.22254	0.000397911
945	5.97382	12.4638	4.23024	0.000395783
946	5.62577	15.1764	4.22812	0.000395922
947	5.80077	14.2073	4.23857	0.000392952
948	5.60003	14.1892	4.25026	0.000389466
949	5.41641	8.28587	4.24619	0.000390162
950	5.41439	13.2311	4.24767	0.000389169
951	5.46499	12.6036	4.24523	0.000389497
952	5.46266	13.4312	4.25001	0.000387862
953	5.38265	15.8436	4.25219	0.000386933
954	5.72568	18.6715	4.24993	0.000387079
955	5.32331	12.7614	4.25002	0.00038665
956	5.65186	17.9623	4.25952	0.000384017
957	5.90943	13.9897	4.26528	0.000382267
958	5.62451	13.8677	4.27945	0.000378249
959	5.47659	15.0784	4.27483	0.000379131
960	5.78928	12.9859	4.27565	0.000379078
961	5.54208	15.6043	4.29043	0.00037505
962	5.66333	10.5726	4.29	0.000375077
963	5.71298	19.4464	4.30329	0.000371383
964	5.66804	20.482	4.30207	0.000371459
965	5.89566	13.6578	4.30275	0.000371184
966	5.62672	15.143	4.3014	0.000371268
967	5.57061	9.10844	4.31687	0.000367407
968	5.547	13.4687	4.32463	0.000365029
969	5.39376	17.6739	4.32875	0.000363325
970	5.34366	12.9229	4.32173	0.000364739
971	5.75892	13.4154	4.33035	0.000362012
972	5.52162	15.2513	4.3291	0.000362088
973	5.77928	13.753	4.33594	0.000359974
974	5.65046	17.8791	4.35534	0.00035524
975	5.74119	15.7841	4.35765	0.00035448
976	5.60575	8.28051	4.36435	0.00035277
977	5.60782	12.5022	4.37271	0.000350267
978	5.52826	12.6983	4.37274	0.000349766
979	5.91992	17.8484	4.3802	0.000347072
980	5.47355	13.0366	4.40071	0.000341567
981	5.92405	20.5328	4.41024	0.000338835
982	5.4847	11.9343	4.42438	0.000335474
983	5.3655	7.26119	4.40726	0.000338819
984	5.65089	7.89701	4.42041	0.0003357
985	5.32836	12.8987	4.42582	0.000334134
986	5.49974	20.4814	4.42472	0.000334197
987	5.29491	9.66536	4.41677	0.000335443
988	5.92008	18.3135	4.4245	0.000333495
989	5.63407	8.65131	4.4353	0.000330618
990	5.73526	13.0412	4.44761	0.000327316
991	5.2742	10.6743	4.4314	0.000330837
992	5.46618	15.3387	4.4426	0.000327786
993	5.48695	10.2539	4.44036	0.000328145
994	5.60396	7.8962	4.44633	0.000326588
995	5.64378	19.5246	4.45615	0.000323958
996	5.55969	19.2239	4.45957	0.000323107
997	5.30214	16.6071	4.45709	0.000322977
998	5.43278	15.8523	4.46053	0.000321894
999	5.47526	9.07366	4.46079	0.000321879
1000	5.10452	12.1706	4.45675	0.000322101
1001	5.81446	13.4589	4.46349	0.000320174
1002	5.78878	18.3451	4.47432	0.000317147
1003	5.82304	16.8118	4.48706	0.000314057
1004	5.46284	8.2161	4.48694	0.000313991
1005	5.8766	15.5126	4.49261	0.000312477
1006	5.60068	16.1534	4.50358	0.00030984
1007	5.69585	17.1174	4.5089	0.000308226
1008	5.78545	18.657	4.50745	0.000308302
1009	5.46216	13.4057	4.50655	0.000308349
1010	5.52812	18.1445	4.5055	0.000308405
1011	5.59408	15.2165	4.51516	0.000305681
1012	5.68484	15.5108	4.52623	0.0003031
1013	5.76487	9.87102	4.52477	0.000303176
1014	5.34648	15.8775	4.53033	0.000301685
1015	5.39408	15.45	4.53137	0.000300751
1016	5.444	16.1071	4.54655	0.000296857
1017	5.55883	13.175	4.55229	0.000295326
1018	5.3511	11.5203	4.55526	0.00029435
1019	5.60961	20.065	4.5607	0.00029266
1020	6.01733	14.0641	4.56826	0.000290316
1021	5.47801	16.9536	4.5758	0.000288206
1022	5.76607	13.7411	4.58384	0.000285885
1023	5.62198	19.7501	4.59122	0.000283654
1024	5.53441	15.9121	4.59748	0.000281764
1025	6.03606	17.6651	4.60804	0.00027898
1026	5.40372	19.8256	4.60975	0.000277971
1027	5.2677	19.1599	4.60818	0.000277348
1028	5.67271	16.4675	4.61061	0.000277087
1029	5.5981	13.0043	4.61993	0.000274386
1030	5.53829	18.1284	4.62786	0.00027221
1031	5.42307	16.6506	4.63202	0.000270928
1032	5.49683	8.78799	4.6435	0.000267507
1033	5.50223	21.782	4.6515	0.00026508
1034	5.1513	13.7	4.64039	0.000267651
1035	5.95892	16.889	4.64689	0.000265604
1036	5.56756	13.8111	4.65164	0.000264078
1037	5.27488	19.5129	4.64686	0.000264938
1038	5.79824	12.7868	4.65855	0.000261726
1039	5.40346	15.1295	4.65748	0.00026158
1040	5.57633	8.38945	4.6608	0.000260324
1041	5.44152	14.5851	4.66659	0.000258353
1042	5.64375	16.4788	4.674	0.000256387
1043	5.59911	20.3778	4.68098	0.000254272
1044	6.2481	22.8762	4.68874	0.00025196
1045	5.40394	18.4284	4.69283	0.000250265
1046	5.54233	17.6298	4.69245	0.000250282
1047	5.5024	21.2671	4.70322	0.000247245
1048	5.39598	16.9424	4.7091	0.000245597
1049	5.53979	17.9113	4.71966	0.000242962
1050	5.47634	16.3455	4.72949	0.0002406
1051	5.68326	12.1138	4.73761	0.000238569
1052	5.73811	12.6536	4.7396	0.000238064
1053	5.5254	14.986	4.73774	0.000238277
1054	5.66888	17.5934	4.73667	0.000238322
1055	5.46405	22.2068	4.75293	0.000234316
1056	5.72609	17.2657	4.76241	0.000231802
1057	5.79927	19.8662	4.76589	0.000230591
1058	5.61159	17.4223	4.77324	0.000228809
1059	5.60541	13.3558	4.78236	0.00022659
1060	5.79827	17.3102	4.79823	0.000222965
1061	5.23222	14.6181	4.79559	0.000223068
1062	5.64143	18.2315	4.79961	0.000221858
1063	5.39492	17.8572	4.80182	0.000221083
1064	5.42589	13.5957	4.80623	0.000219776
1065	5.51887	18.6419	4.81048	0.000218522
1066	5.94374	20.0315	4.81915	0.000216232
1067	5.43278	15.2858	4.82355	0.000214631
1068	5.67951	11.7002	4.83531	0.000211852
1069	5.74931	9.95766	4.84389	0.000209909
1070	5.57274	16.1075	4.85404	0.000206991
1071	5.32757	18.7693	4.85201	0.000206913
1072	5.7361	17.6616	4.85643	0.000205888
1073	5.58126	7.35969	4.86458	0.000203495
1074	5.32599	16.5447	4.86234	0.000203575
1075	5.74697	12.2217	4.87111	0.000200991
1076	5.55407	13.1904	4.87501	0.000199568
1077	5.62309	8.85436	4.88327	0.000197407
1078	5.80222	16.5183	4.8997	0.000193081
1079	5.62238	17.0894	4.9052	0.000191385
1080	5.92588	13.3966	4.92033	0.000187564
1081	5.41877	19.7496	4.92208	0.000186608
1082	5.50828	12.5158	4.9263	0.000185393
1083	5.76133	16.5513	4.92892	0.000184511
1084	5.47674	16.5363	4.93207	0.00018346
1085	5.59692	17.362	4.93425	0.000182704
1086	5.37218	12.556	4.9341	0.000182404
1087	5.32691	13.0515	4.93147	0.000182294
1088	5.59195	12.6075	4.93708	0.000181226
1089	5.83775	14.0965	4.93867	0.000180584
1090	5.74249	12.8131	4.94602	0.000178466
1091	5.30099	16.8322	4.94482	0.000178504
1092	5.43991	14.2151	4.94908	0.000177082
1093	5.54823	14.1115	4.95529	0.000175408
1094	5.52914	16.8323	4.9615	0.000173384
1095	5.60196	8.27509	4.96991	0.000170819
1096	5.87193	14.2182	4.972	0.000170126
1097	5.43158	14.3026	4.97153	0.000170038
1098	5.47533	19.9022	4.97223	0.000170017
1099	5.48125	19.6522	4.97503	0.000169193
1100	5.54075	16.593	4.98331	0.00016713
1101	5.64421	12.1466	4.99008	0.000165299
1102	5.62443	10.2553	4.99574	0.000163328
1103	5.46816	19.3129	4.99759	0.000162574
1104	5.69907	16.0677	4.99931	0.000161927
1105	5.46937	15.044	5.00353	0.000160624
1106	5.58857	15.3261	5.01029	0.000158687
1107	5.40993	11.4488	5.01083	0.000158063
1108	5.39497	8.3046	5.01276	0.000157351
1109	5.82127	12.3257	5.01273	0.000157351
1110	5.45672	7.68487	5.01694	0.000156001
1111	5.33207	13.4358	5.01523	0.000156048
1112	5.67024	19.4839	5.02267	0.000154239
1113	5.39225	16.0517	5.02119	0.00015428
1114	5.6446	7.82633	5.02471	0.000153186
1115	5.38727	15.7045	5.02073	0.000153997
1116	5.56358	16.5091	5.02396	0.000153031
1117	5.42797	8.77809	5.0263	0.000152178
1118	5.49017	12.6523	5.02626	0.000152179
1119	5.60712	8.81038	5.03647	0.000149891
1120	5.83981	14.7331	5.04154	0.000148498
1121	5.38421	14.5848	5.04192	0.000148126
1122	5.2693	17.2489	5.04093	0.000147846
1123	5.67321	18.493	5.04455	0.000146758
1124	5.54803	16.6087	5.04803	0.00014565
1125	5.47138	17.2996	5.05849	0.000142825
1126	5.74691	15.2112	5.06503	0.000141646
1127	5.44092	16.5895	5.06445	0.000141623
1128	5.57753	18.4555	5.06486	0.000141421
1129	5.70954	17.6492	5.06507	0.000141415
1130	5.75121	19.8862	5.07062	0.000140045
1131	5.68073	12.9738	5.07265	0.000139257
1132	5.64877	13.1023	5.0766	0.000138081
1133	5.68304	14.0377	5.07704	0.000138071
1134	5.24911	10.4016	5.07504	0.00013812
1135	5.50704	8.07653	5.08022	0.0001364
1136	5.48452	13.948	5.08223	0.000135994
1137	5.81778	14.2402	5.08603	0.000134665
1138	5.8547	20.9458	5.09094	0.000133117
1139	5.45547	18.0855	5.09597	0.000131855
1140	5.7134	13.7445	5.09735	0.000131549
1141	5.55365	17.1946	5.10658	0.000129458
1142	5.91577	15.0466	5.11523	0.000127483
1143	5.6734	21.8854	5.12336	0.000125708
1144	5.55875	15.0355	5.12704	0.000124837
1145	5.54782	15.234	5.13535	0.000122995
1146	5.23601	19.094	5.13234	0.00012306
1147	5.48892	20.9853	5.13395	0.000123025
1148	5.49937	16.7499	5.14909	0.000119374
1149	5.74893	21.0914	5.15337	0.000118229
1150	5.56221	14.7228	5.15323	0.000118232
1151	5.51156	22.9713	5.15331	0.00011823
1152	5.37391	20.6611	5.14887	0.000119126
1153	5.61601	16.1708	5.15099	0.000118642
1154	6.08878	21.5183	5.15527	0.00011751
1155	5.50294	17.6719	5.15728	0.000116965
1156	5.91072	18.9909	5.16282	0.000115492
1157	5.71843	19.0642	5.16779	0.000114129
1158	5.42882	13.5623	5.17344	0.000112781
1159	5.84581	19.9385	5.17878	0.000111181
1160	5.67084	18.3326	5.17912	0.000111084
1161	5.46952	8.05027	5.17772	0.000111271
1162	5.56014	16.9228	5.18234	0.000110109
1163	5.39508	14.6047	5.1807	0.000110141
1164	5.35078	16.8122	5.17768	0.000110732
1165	5.45426	11.3899	5.17509	0.000111237
1166	5.56274	7.24606	5.17803	0.000110369
1167	5.48241	19.1384	5.18353	0.00010879
1168	5.87331	17.5538	5.1899	0.000107088
1169	5.85858	13.9639	5.19673	0.000105415
1170	5.22253	12.2945	5.19553	0.000105438
1171	5.51079	18.2874	5.20306	0.000103798
1172	5.79302	14.6019	5.21148	0.000101898
1173	5.60233	16.6531	5.21551	0.000100592
1174	5.44004	12.7221	5.21678	9.99895e-05
1175	5.5923	13.3686	5.22267	9.81412e-05
1176	5.69501	16.256	5.22313	9.81331e-05
1177	5.95473	12.2553	5.22868	9.65873e-05
1178	5.48352	14.2666	5.22685	9.6926e-05
1179	5.41049	13.6163	5.22511	9.69559e-05
1180	5.50137	11.6327	5.23028	9.5601e-05
1181	5.63644	16.9063	5.2359	9.4214e-05
1182	5.63644	14.0422	5.24022	9.29725e-05
1183	5.78817	16.7126	5.24471	9.17049e-05
1184	5.83565	20.6003	5.24839	9.07531e-05
1185	5.63939	16.1568	5.25088	9.01149e-05
1186	5.40838	16.3126	5.25008	9.01277e-05
1187	5.68987	15.7634	5.25483	8.89571e-05
1188	5.15161	16.8087	5.24907	9.01439e-05
1189	5.38427	13.7827	5.24271	9.14771e-05
1190	5.45389	13.1769	5.24201	9.14058e-05
1191	5.43416	10.5994	5.24217	9.11819e-05
1192	5.52606	19.0141	5.24103	9.14121e-05
1193	5.42166	18.249	5.24011	9.14271e-05
1194	5.68142	12.8752	5.24634	8.98149e-05
1195	5.46106	11.6986	5.24313	9.05487e-05
1196	5.54697	22.6512	5.24807	8.92012e-05
1197	5.4703	17.484	5.25067	8.85784e-05
1198	6.0058	20.3614	5.2502	8.85857e-05
1199	5.72239	18.684	5.25663	8.71885e-05
1200	6.00452	24.066	5.26229	8.57996e-05
1201	5.45255	19.1281	5.26699	8.46002e-05
1202	5.59695	18.4294	5.2716	8.33997e-05
1203	5.43392	23.7113	5.27056	8.34152e-05
1204	5.14758	16.564	5.26182	8.53509e-05
1205	5.29205	16.8126	5.26329	8.4656e-05
1206	5.20143	16.126	5.2616	8.46815e-05
1207	5.63969	18.5338	5.26694	8.33866e-05
1208	5.77372	18.5003	5.27372	8.15915e-05
1209	5.54081	15.1356	5.27743	8.10143e-05
1210	5.95177	23.536	5.28481	7.90594e-05
1211	5.53633	13.0778	5.28953	7.77722e-05
1212	5.5972	12.925	5.29682	7.60687e-05
1213	5.51123	18.5162	5.29721	7.58881e-05
1214	5.69846	16.4789	5.30646	7.35988e-05
1215	5.71099	16.6301	5.31411	7.15117e-05
1216	5.58438	16.3415	5.31927	7.00741e-05
1217	5.43995	18.6694	5.31746	7.00966e-05
1218	5.72457	20.7574	5.3262	6.77306e-05
1219	5.6404	14.6341	5.32766	6.72204e-05
1220	5.68529	15.2212	5.32762	6.72208e-05
1221	5.47123	13.1304	5.32811	6.69273e-05
1222	5.52208	21.0912	5.32798	6.69463e-05
1223	5.70027	14.376	5.32974	6.64283e-05
1224	5.43122	13.6794	5.32987	6.62678e-05
1225	5.53293	20.4286	5.33826	6.43275e-05
1226	5.54446	22.2112	5.3442	6.28149e-05
1227	5.55378	17.3559	5.34736	6.19646e-05
1228	5.6494	16.7537	5.35385	6.05897e-05
1229	5.39613	15.5835	5.35398	6.0355e-05
1230	5.36642	7.62393	5.35104	6.06201e-05
1231	5.41094	19.1783	5.35067	6.03907e-05
1232	5.66198	17.3787	5.35936	5.83631e-05
1233	5.59675	19.2834	5.36445	5.70801e-05
1234	5.5605	7.32616	5.37175	5.52268e-05
1235	5.31892	17.0139	5.37144	5.52298e-05
1236	5.45547	14.3553	5.37179	5.48438e-05
1237	5.50343	17.7909	5.37245	5.45296e-05
1238	6.07323	16.0939	5.37632	5.36031e-05
1239	5.76719	14.034	5.37653	5.36012e-05
1240	5.84846	13.82	5.38049	5.25981e-05
1241	5.37313	17.8394	5.38058	5.23711e-05
1242	5.78453	18.7135	5.38181	5.20772e-05
1243	5.28908	11.7358	5.37999	5.23766e-05
1244	5.56044	17.0629	5.38025	5.23742e-05
1245	5.66203	14.0461	5.3855	5.07138e-05
1246	5.53942	13.6613	5.38987	4.96384e-05
1247	5.49008	17.8388	5.38915	4.97417e-05
1248	5.59847	9.10614	5.39437	4.84621e-05
1249	5.60481	17.4199	5.39561	4.81105e-05
1250	5.7875	19.6097	5.39928	4.73421e-05
1251	5.42309	15.5417	5.3933	4.86603e-05
1252	5.60394	17.6654	5.39377	4.86562e-05
1253	5.64971	14.0605	5.39713	4.78271e-05
1254	5.81078	17.7811	5.40371	4.62575e-05
1255	5.63322	15.0457	5.40379	4.6251e-05
1256	5.46314	13.1232	5.40411	4.60808e-05
1257	5.48772	14.9498	5.40944	4.45639e-05
1258	5.51184	9.08688	5.40891	4.43468e-05
1259	5.68867	7.61964	5.4154	4.28549e-05
1260	5.85044	13.4492	5.42126	4.12755e-05
1261	5.42023	13.187	5.42091	4.12781e-05
1262	5.59558	21.4774	5.42696	3.96002e-05
1263	5.55521	11.6336	5.4301	3.8639e-05
1264	5.46259	14.0271	5.42656	3.95913e-05
1265	5.50176	11.6981	5.42683	3.92585e-05
1266	5.82189	13.8414	5.43525	3.72277e-05
1267	5.42872	15.74	5.43501	3.69412e-05
1268	5.48477	12.1045	5.42776	3.88335e-05
1269	5.58768	18.1471	5.4346	3.69439e-05
1270	5.46901	9.46751	5.42733	3.88365e-05
1271	5.48704	12.2493	5.42927	3.80784e-05
1272	5.67055	19.9822	5.43452	3.66797e-05
1273	5.33754	9.91024	5.43251	3.68634e-05
1274	5.48792	13.6055	5.43322	3.62363e-05
1275	5.54643	20.083	5.44097	3.43672e-05
1276	5.5599	7.49869	5.4426	3.41132e-05
1277	5.50582	11.9777	5.44206	3.40712e-05
1278	5.66107	14.7217	5.44706	3.28522e-05
1279	5.54442	19.772	5.45372	3.12554e-05
1280	5.18125	11.8795	5.45226	3.12636e-05
1281	5.74833	12.1558	5.45395	3.11152e-05
1282	5.59704	11.6452	5.46274	2.8592e-05
1283	5.71671	7.13929	5.46482	2.83641e-05
1284	5.60534	14.8398	5.46522	2.8362e-05
1285	5.49644	12.8519	5.45586	3.09736e-05
1286	5.49886	15.439	5.45576	3.08575e-05
1287	5.46311	7.6397	5.45112	3.17986e-05
1288	5.87479	14.9244	5.4558	3.07637e-05
1289	5.33444	8.04729	5.45399	3.07737e-05
1290	5.30959	14.9195	5.45146	3.10081e-05
1291	5.40423	15.6743	5.44962	3.10183e-05
1292	5.85547	12.7083	5.45549	2.94203e-05
1293	5.52594	17.3695	5.45108	3.05441e-05
1294	5.61836	9.29622	5.45398	2.97337e-05
1295	5.58159	11.315	5.46335	2.72218e-05
1296	5.43657	8.07509	5.46204	2.72282e-05
1297	5.36897	13.943	5.46222	2.69673e-05
1298	5.33221	15.1802	5.45034	2.98004e-05
1299	5.59088	11.7148	5.46192	2.69688e-05
1300	5.46932	11.1707	5.46111	2.69727e-05
1301	5.38242	12.4423	5.46029	2.69767e-05
1302	5.43462	13.6832	5.45957	2.69801e-05
1303	5.36513	14.0759	5.45844	2.69856e-05
1304	5.80779	12.3558	5.4623	2.59546e-05
1305	5.77383	12.4544	5.47098	2.39639e-05
1306	5.75974	14.2444	5.47139	2.39622e-05
1307	5.70069	14.637	5.47478	2.31837e-05
1308	5.71337	8.57912	5.47618	2.30388e-05
1309	5.64765	12.6616	5.48229	2.1479e-05
1310	5.4088	7.43789	5.48256	2.11718e-05
1311	5.75338	13.5469	5.48302	2.12379e-05
1312	5.36793	13.0287	5.47634	2.28752e-05
1313	5.51077	10.5904	5.47273	2.3695e-05
1314	5.75095	13.379	5.47438	2.35108e-05
1315	5.54099	10.1643	5.47695	2.27432e-05
1316	5.58329	10.1922	5.48004	2.19191e-05
1317	5.34904	12.6705	5.4793	2.19221e-05
1318	5.57877	13.2104	5.48264	2.09635e-05
1319	5.6199	15.5308	5.4865	1.97314e-05
1320	5.49103	16.6589	5.48184	2.11566e-05
1321	5.3859	9.77819	5.47653	2.25586e-05
1322	5.60053	11.6831	5.47642	2.2667e-05
1323	5.82268	16.898	5.47908	2.20356e-05
1324	5.58419	9.85257	5.48501	2.04688e-05
1325	5.27492	14.4259	5.48272	2.0889e-05
1326	5.52713	7.17487	5.48344	2.03825e-05
1327	5.38486	7.70539	5.48065	2.10367e-05
1328	5.5137	13.837	5.47914	2.13246e-05
1329	5.58666	15.604	5.47954	2.1323e-05
1330	5.67566	7.91748	5.48012	2.13208e-05
1331	5.50455	12.8477	5.48033	2.09975e-05
1332	5.40362	16.7747	5.47982	2.09994e-05
1333	5.46218	12.3658	5.48105	2.04212e-05
1334	5.49903	12.7854	5.47944	2.06398e-05
1335	5.28326	7.83143	5.47314	2.19909e-05
1336	5.56206	13.1036	5.47477	2.19845e-05
1337	5.63841	16.265	5.47574	2.19806e-05
1338	5.51841	13.1421	5.47313	2.25372e-05
1339	5.45247	15.2908	5.47073	2.30347e-05
1340	5.29023	14.712	5.46999	2.30378e-05
1341	5.56917	16.8156	5.47182	2.25776e-05
1342	5.4171	12.6072	5.47003	2.24816e-05
1343	5.64452	12.3102	5.47216	2.243e-05
1344	5.77797	16.2975	5.47703	2.11734e-05
1345	5.57536	16.6379	5.48033	2.02752e-05
1346	5.63189	14.8055	5.48488	1.89485e-05
1347	5.49209	7.31047	5.48626	1.84482e-05
1348	5.87626	13.8769	5.48877	1.7601e-05
1349	5.83122	11.7846	5.49745	1.52933e-05
1350	5.54605	8.33383	5.50553	1.35062e-05
1351	5.57936	7.84067	5.50661	1.33594e-05
1352	5.48098	19.8262	5.50797	1.29362e-05
1353	5.68504	14.908	5.5084	1.29352e-05
1354	5.34183	13.7953	5.50782	1.29365e-05
1355	5.48095	14.329	5.50194	1.41965e-05
1356	5.79155	20.2401	5.50768	1.29368e-05
1357	5.57	11.8723	5.51413	1.13186e-05
1358	5.32143	7.42093	5.51394	1.1319e-05
1359	5.61204	14.2278	5.51656	1.05149e-05
1360	5.3012	11.8889	5.51581	1.05164e-05
1361	5.67339	12.1329	5.51578	1.07235e-05
1362	5.28021	10.2238	5.51484	1.07253e-05
1363	5.51435	7.60264	5.51403	1.04279e-05
1364	5.33195	14.2213	5.51202	1.04316e-05
1365	5.48163	12.7331	5.51165	1.02755e-05
1366	5.21863	7.76913	5.51074	1.02772e-05
1367	5.74675	7.83459	5.51154	1.02757e-05
1368	5.57634	12.9795	5.51564	9.34183e-06
