pelvis_tilt.offset                	-0.026467577	-0.025466548	0.0008195549	
pelvis_list.offset                	0.0092230294	0.010414818	0.00089746251	
pelvis_rotation.offset            	0.017132357	0.017351009	0.00086876543	
pelvis_tz.offset                  	-0.16566519	-0.16507996	0.0009311886	
hip_flexion_r.offset              	-0.016901439	-0.016732807	0.00091027465	
hip_adduction_r.offset            	0.04790939	0.04762616	0.00094257907	
hip_rotation_r.offset             	-0.02906773	-0.029708767	0.00088903317	
knee_angle_r.offset               	0.026986234	0.026233764	0.00087134205	
ankle_angle_r.offset              	-0.057479525	-0.057987403	0.0009118623	
hip_flexion_l.offset              	-0.023680985	-0.024576071	0.0009131592	
hip_adduction_l.offset            	-0.079069833	-0.077236739	0.00087932871	
hip_rotation_l.offset             	-0.025677978	-0.024323569	0.00094041123	
knee_angle_l.offset               	-0.098587951	-0.098819999	0.00093159287	
ankle_angle_l.offset              	0.015180769	0.014947963	0.00089479569	
stance_load_threshold             	0.068439277	0.068079089	0.00089567421	
S11111.tib_ant.KL                 	0.52674414	0.54807593	0.008394763	
S11111.tib_ant.L0                 	0.60964608	0.60971524	0.00095358496	
S11111.tib_ant-soleus.KF          	-0.25484399	-0.25416091	0.00088670336	
S00110.soleus.KF                  	1.5128815	1.496556	0.0081217305	
S00111.gastroc.KF                 	1.2544092	1.2599217	0.0069552359	
S00011.vasti.KF                   	0.91786657	0.93507574	0.0074884625	
S00011.vasti.C0                   	0.011101822	0.010541542	0.00055056786	
S00011.vasti-knee_angle.pos_max   	-0.26266339	-0.2629644	0.00094254587	
S00011.hamstrings-pelvis_tilt.KP  	3.0637245	3.0715573	0.0099053525	
S00011.hamstrings-pelvis_tilt.KV  	0.16667114	0.16677849	0.00092960938	
S00011.hamstrings-pelvis_tilt.C0  	0.12108226	0.12219764	0.00089144872	
S00011.glut_max-pelvis_tilt.KP    	0.78270389	0.77171509	0.0086986213	
S00011.glut_max-pelvis_tilt.KV    	0.13773567	0.13900174	0.0008618472	
S00011.glut_max-pelvis_tilt.C0    	-0.029976321	-0.029862603	0.00085874747	
S00011.iliopsoas-pelvis_tilt.KP   	-2.4042182	-2.3912108	0.0093586747	
S00011.iliopsoas-pelvis_tilt.KV   	-0.1521604	-0.15239176	0.00088947297	
S00011.iliopsoas-pelvis_tilt.C0   	-0.10050679	-0.099887851	0.00099622914	
S00100.iliopsoas.C0               	0.37370617	0.37399667	0.00096308819	
S00100.glut_max.C0                	-0.25732275	-0.25782054	0.00087838165	
S00100.rect_fem.KL                	1.0205282	1.0194259	0.00093917039	
S00100.rect_fem.L0                	1.3604101	1.3486491	0.011054676	
S01000.bifemsh.KL                 	0.91033425	0.8848829	0.0090657012	
S01000.bifemsh.L0                 	0.67290054	0.67567507	0.0075755391	
S11000.iliopsoas.KL               	0.43017498	0.43087956	0.00089014597	
S11000.iliopsoas.L0               	0.53888712	0.53937754	0.00092034964	
S11000.iliopsoas-pelvis_tilt.P0   	-0.030482386	-0.031288952	0.00090087686	
S11000.iliopsoas-pelvis_tilt.KP   	0.74633565	0.74642231	0.0092808014	
S11000.iliopsoas-pelvis_tilt.KV   	0.15446503	0.15453646	0.00089268493	
S11000.iliopsoas-hamstrings.KL    	-1.7572086	-1.7731562	0.035498266	
S11000.iliopsoas-hamstrings.L0    	1.1493873	1.1494623	0.0009632518	
S11000.hamstrings.KF              	0.79155282	0.79227721	0.00084999014	
S11000.glut_max.KF                	0.28645285	0.28818633	0.00092248929	
hip_joints_comp.pelvis_list.KP    	383.96718	382.87786	2.5766979	
hip_joints_comp.pelvis_list.KV    	28.753608	28.710284	0.235134	
hip_joints_comp.pelvis_list.C0    	0.16180421	0.16126284	0.0008982396	
hip_joints_comp.pelvis_rotation.KP	57.383476	57.250693	0.39397523	
hip_joints_comp.pelvis_rotation.KV	1.1223148	1.1808502	0.077186313	
hip_joints_comp.pelvis_rotation.C0	0.046206925	0.047854805	0.00088150157	
hip_joints_comp.hip_adduction.KP  	1443.5883	1443.6103	14.21906	
hip_joints_comp.hip_adduction.KV  	1.6326279	1.5371322	0.060899614	
hip_joints_comp.hip_adduction.C0  	0.11837783	0.1186665	0.00093580754	
