pelvis_tilt.offset                	-0.026753513	-0.025826392	0.00064195382	
pelvis_list.offset                	0.0098568073	0.0097113951	0.00070889762	
pelvis_rotation.offset            	0.017054298	0.017384453	0.00068063732	
pelvis_tz.offset                  	-0.16579811	-0.16493301	0.00073630543	
hip_flexion_r.offset              	-0.016248007	-0.017126736	0.00071880137	
hip_adduction_r.offset            	0.046319546	0.047030323	0.0007396136	
hip_rotation_r.offset             	-0.028614028	-0.029318646	0.00070092167	
knee_angle_r.offset               	0.027332855	0.027306088	0.00068131931	
ankle_angle_r.offset              	-0.058340275	-0.057752131	0.00071301681	
hip_flexion_l.offset              	-0.023974321	-0.024805948	0.00072327896	
hip_adduction_l.offset            	-0.077859278	-0.077497736	0.00069330374	
hip_rotation_l.offset             	-0.025527815	-0.024414466	0.00073745276	
knee_angle_l.offset               	-0.098604193	-0.098311029	0.00073382997	
ankle_angle_l.offset              	0.015597295	0.014489483	0.00070090299	
stance_load_threshold             	0.068483803	0.069110531	0.00070197955	
S11111.tib_ant.KL                 	0.53201081	0.53597578	0.0065913774	
S11111.tib_ant.L0                 	0.61074567	0.61050416	0.00075183422	
S11111.tib_ant-soleus.KF          	-0.25437731	-0.25469293	0.00070060297	
S00110.soleus.KF                  	1.5033547	1.495339	0.0063866836	
S00111.gastroc.KF                 	1.2579084	1.2576081	0.0054527622	
S00011.vasti.KF                   	0.92956401	0.93531865	0.0058586545	
S00011.vasti.C0                   	0.010276722	0.010280694	0.00042939215	
S00011.vasti-knee_angle.pos_max   	-0.26165798	-0.26296547	0.00073575481	
S00011.hamstrings-pelvis_tilt.KP  	3.0747649	3.0726353	0.0077845744	
S00011.hamstrings-pelvis_tilt.KV  	0.16687898	0.16647538	0.00073451843	
S00011.hamstrings-pelvis_tilt.C0  	0.12034775	0.1209782	0.00070543161	
S00011.glut_max-pelvis_tilt.KP    	0.77155093	0.76742145	0.0068330813	
S00011.glut_max-pelvis_tilt.KV    	0.13778298	0.13775289	0.00067725037	
S00011.glut_max-pelvis_tilt.C0    	-0.030153346	-0.030127284	0.00066945463	
S00011.iliopsoas-pelvis_tilt.KP   	-2.4009274	-2.401355	0.0073488642	
S00011.iliopsoas-pelvis_tilt.KV   	-0.15224737	-0.15194994	0.00070239354	
S00011.iliopsoas-pelvis_tilt.C0   	-0.10064936	-0.099881073	0.0007815413	
S00100.iliopsoas.C0               	0.37504928	0.37500634	0.00075831344	
S00100.glut_max.C0                	-0.25761165	-0.25836679	0.00068783131	
S00100.rect_fem.KL                	1.0202718	1.0192456	0.00074606337	
S00100.rect_fem.L0                	1.3615185	1.3471747	0.0086683781	
S01000.bifemsh.KL                 	0.8912454	0.89326858	0.0071439354	
S01000.bifemsh.L0                 	0.66701292	0.67001383	0.0059564456	
S11000.iliopsoas.KL               	0.42951251	0.4304003	0.00069578177	
S11000.iliopsoas.L0               	0.53902593	0.53848446	0.00071966402	
S11000.iliopsoas-pelvis_tilt.P0   	-0.031375334	-0.031355715	0.00070374375	
S11000.iliopsoas-pelvis_tilt.KP   	0.74057932	0.74050633	0.0073098475	
S11000.iliopsoas-pelvis_tilt.KV   	0.15484091	0.15430519	0.0006958677	
S11000.iliopsoas-hamstrings.KL    	-1.7715112	-1.7482308	0.027912552	
S11000.iliopsoas-hamstrings.L0    	1.1499754	1.1503875	0.00075274168	
S11000.hamstrings.KF              	0.79092142	0.79176314	0.000663059	
S11000.glut_max.KF                	0.28813241	0.2882558	0.00072885899	
hip_joints_comp.pelvis_list.KP    	381.08801	383.2848	2.0166709	
hip_joints_comp.pelvis_list.KV    	28.744277	28.567618	0.1849589	
hip_joints_comp.pelvis_list.C0    	0.16179126	0.16186769	0.0007005595	
hip_joints_comp.pelvis_rotation.KP	57.689086	57.643	0.30746108	
hip_joints_comp.pelvis_rotation.KV	1.0963731	1.2136487	0.060897827	
hip_joints_comp.pelvis_rotation.C0	0.047363493	0.048025881	0.0006932858	
hip_joints_comp.hip_adduction.KP  	1438.5218	1442.3208	11.163279	
hip_joints_comp.hip_adduction.KV  	1.6018364	1.5899346	0.048156517	
hip_joints_comp.hip_adduction.C0  	0.11881073	0.11890653	0.00073263835	
