pelvis_tilt.offset                	-0.025817768	-0.026045785	0.00047945594	
pelvis_list.offset                	0.0094602802	0.01028718	0.00052754863	
pelvis_rotation.offset            	0.01706617	0.016637473	0.00051638303	
pelvis_tz.offset                  	-0.16481756	-0.16537189	0.00055156952	
hip_flexion_r.offset              	-0.017043804	-0.017477353	0.00053735117	
hip_adduction_r.offset            	0.048196416	0.047783007	0.00054953259	
hip_rotation_r.offset             	-0.028902261	-0.028473164	0.00052551584	
knee_angle_r.offset               	0.026600006	0.026226553	0.00051424992	
ankle_angle_r.offset              	-0.057105719	-0.057259735	0.00054903595	
hip_flexion_l.offset              	-0.023861741	-0.024486393	0.00054088168	
hip_adduction_l.offset            	-0.076644949	-0.077241857	0.00052032013	
hip_rotation_l.offset             	-0.022853464	-0.024412507	0.00055310897	
knee_angle_l.offset               	-0.098704963	-0.097972591	0.00054838725	
ankle_angle_l.offset              	0.012250257	0.012707975	0.00053111067	
stance_load_threshold             	0.069294089	0.069601245	0.00053321051	
S11111.tib_ant.KL                 	0.52309284	0.52253843	0.0049496366	
S11111.tib_ant.L0                 	0.609759	0.61056333	0.00056534555	
S11111.tib_ant-soleus.KF          	-0.25620166	-0.25595259	0.0005317275	
S00110.soleus.KF                  	1.4904354	1.4901051	0.0047923151	
S00111.gastroc.KF                 	1.2612121	1.26515	0.0040695428	
S00011.vasti.KF                   	0.93894615	0.93794639	0.0043857388	
S00011.vasti.C0                   	0.0098121568	0.010190704	0.00032098794	
S00011.vasti-knee_angle.pos_max   	-0.26223644	-0.26251017	0.00055194409	
S00011.hamstrings-pelvis_tilt.KP  	3.0892734	3.0851603	0.0059190996	
S00011.hamstrings-pelvis_tilt.KV  	0.16620277	0.16666984	0.00054914049	
S00011.hamstrings-pelvis_tilt.C0  	0.12112507	0.12123674	0.0005276368	
S00011.glut_max-pelvis_tilt.KP    	0.78160139	0.78258011	0.0051716405	
S00011.glut_max-pelvis_tilt.KV    	0.13759076	0.13774609	0.00050458992	
S00011.glut_max-pelvis_tilt.C0    	-0.031101992	-0.03010385	0.00050005457	
S00011.iliopsoas-pelvis_tilt.KP   	-2.4152347	-2.4118149	0.0055957147	
S00011.iliopsoas-pelvis_tilt.KV   	-0.15064634	-0.15076036	0.00053345839	
S00011.iliopsoas-pelvis_tilt.C0   	-0.099989531	-0.099402052	0.00058401749	
S00100.iliopsoas.C0               	0.3756636	0.37493862	0.00056783861	
S00100.glut_max.C0                	-0.25954596	-0.25956394	0.00051536585	
S00100.rect_fem.KL                	1.0190405	1.0190312	0.00055931826	
S00100.rect_fem.L0                	1.3634726	1.3615795	0.0065475067	
S01000.bifemsh.KL                 	0.88389732	0.88506555	0.0053110174	
S01000.bifemsh.L0                 	0.65738706	0.66629329	0.0044244894	
S11000.iliopsoas.KL               	0.43105987	0.43061471	0.00052003088	
S11000.iliopsoas.L0               	0.53914147	0.53936783	0.00054217082	
S11000.iliopsoas-pelvis_tilt.P0   	-0.031204592	-0.031033983	0.00052365631	
S11000.iliopsoas-pelvis_tilt.KP   	0.74715298	0.7458981	0.0054541948	
S11000.iliopsoas-pelvis_tilt.KV   	0.15486171	0.15482691	0.00052326043	
S11000.iliopsoas-hamstrings.KL    	-1.7992763	-1.7966679	0.020896237	
S11000.iliopsoas-hamstrings.L0    	1.1514107	1.1507501	0.00056785196	
S11000.hamstrings.KF              	0.79121774	0.79115376	0.00049671053	
S11000.glut_max.KF                	0.28910257	0.28890493	0.0005500846	
hip_joints_comp.pelvis_list.KP    	383.54992	383.06197	1.5125148	
hip_joints_comp.pelvis_list.KV    	28.646238	28.540855	0.1399385	
hip_joints_comp.pelvis_list.C0    	0.16261777	0.16266806	0.00052877803	
hip_joints_comp.pelvis_rotation.KP	57.569228	57.953048	0.23290807	
hip_joints_comp.pelvis_rotation.KV	1.3366832	1.2703185	0.046030561	
hip_joints_comp.pelvis_rotation.C0	0.048949838	0.047940948	0.00051988057	
hip_joints_comp.hip_adduction.KP  	1422.9175	1426.6233	8.381253	
hip_joints_comp.hip_adduction.KV  	1.6396081	1.6168577	0.036026491	
hip_joints_comp.hip_adduction.C0  	0.11635018	0.11718774	0.00056373412	
