pelvis_tilt.offset                	-0.025815735	-0.0261222	0.00043385631	
pelvis_list.offset                	0.0099147274	0.0097716136	0.00047919331	
pelvis_rotation.offset            	0.017172649	0.016620709	0.00046619632	
pelvis_tz.offset                  	-0.16553485	-0.16496527	0.00050001494	
hip_flexion_r.offset              	-0.016561905	-0.016374835	0.00048847667	
hip_adduction_r.offset            	0.047492618	0.04796102	0.00049650957	
hip_rotation_r.offset             	-0.028905458	-0.028865079	0.00047281971	
knee_angle_r.offset               	0.027138419	0.026633555	0.000464162	
ankle_angle_r.offset              	-0.057085777	-0.056875758	0.00049516591	
hip_flexion_l.offset              	-0.025578046	-0.025297148	0.00049002549	
hip_adduction_l.offset            	-0.076924592	-0.077157781	0.00047047447	
hip_rotation_l.offset             	-0.023988638	-0.02434758	0.00050051864	
knee_angle_l.offset               	-0.097336826	-0.097465458	0.00049995204	
ankle_angle_l.offset              	0.013536455	0.012926488	0.00048363855	
stance_load_threshold             	0.069936245	0.069789267	0.00048496794	
S11111.tib_ant.KL                 	0.52153218	0.51745035	0.0044877241	
S11111.tib_ant.L0                 	0.61057842	0.61033916	0.00051290864	
S11111.tib_ant-soleus.KF          	-0.2547918	-0.25565487	0.00048186615	
S00110.soleus.KF                  	1.4937992	1.4927028	0.0043111392	
S00111.gastroc.KF                 	1.264907	1.2625631	0.0036768284	
S00011.vasti.KF                   	0.93081864	0.93370593	0.0039831785	
S00011.vasti.C0                   	0.01028335	0.010219641	0.00028988729	
S00011.vasti-knee_angle.pos_max   	-0.26294793	-0.26277514	0.00050216135	
S00011.hamstrings-pelvis_tilt.KP  	3.0814216	3.0821823	0.00537272	
S00011.hamstrings-pelvis_tilt.KV  	0.16652227	0.16679485	0.00049678626	
S00011.hamstrings-pelvis_tilt.C0  	0.12067581	0.12089239	0.00047644648	
S00011.glut_max-pelvis_tilt.KP    	0.7827847	0.78070995	0.0047035224	
S00011.glut_max-pelvis_tilt.KV    	0.13873741	0.13792319	0.00046327143	
S00011.glut_max-pelvis_tilt.C0    	-0.029299213	-0.030055869	0.00045406065	
S00011.iliopsoas-pelvis_tilt.KP   	-2.4129061	-2.4102653	0.0050738938	
S00011.iliopsoas-pelvis_tilt.KV   	-0.15086203	-0.15062185	0.00048274914	
S00011.iliopsoas-pelvis_tilt.C0   	-0.10027108	-0.10006417	0.00053015084	
S00100.iliopsoas.C0               	0.37556636	0.3748412	0.00051382607	
S00100.glut_max.C0                	-0.25977639	-0.25949706	0.00046708023	
S00100.rect_fem.KL                	1.0200551	1.0193028	0.00050390744	
S00100.rect_fem.L0                	1.3480125	1.3549401	0.005926564	
S01000.bifemsh.KL                 	0.88302859	0.88441221	0.004815276	
S01000.bifemsh.L0                 	0.65766856	0.66069899	0.0040039332	
S11000.iliopsoas.KL               	0.42955513	0.42990058	0.00047136015	
S11000.iliopsoas.L0               	0.53953908	0.53893646	0.00049092113	
S11000.iliopsoas-pelvis_tilt.P0   	-0.031883346	-0.032029236	0.00047399986	
S11000.iliopsoas-pelvis_tilt.KP   	0.74999541	0.74675704	0.0049369467	
S11000.iliopsoas-pelvis_tilt.KV   	0.15411832	0.15439314	0.00047059335	
S11000.iliopsoas-hamstrings.KL    	-1.815058	-1.8169832	0.018951777	
S11000.iliopsoas-hamstrings.L0    	1.1504715	1.1504321	0.00051439002	
S11000.hamstrings.KF              	0.79138644	0.79045782	0.00044907816	
S11000.glut_max.KF                	0.28894417	0.28928869	0.0004969834	
hip_joints_comp.pelvis_list.KP    	385.0238	384.40559	1.3712332	
hip_joints_comp.pelvis_list.KV    	28.620194	28.570496	0.1268437	
hip_joints_comp.pelvis_list.C0    	0.16303542	0.16370507	0.00047992524	
hip_joints_comp.pelvis_rotation.KP	57.739636	57.646042	0.21051079	
hip_joints_comp.pelvis_rotation.KV	1.2970303	1.3120723	0.042172018	
hip_joints_comp.pelvis_rotation.C0	0.047724065	0.047554045	0.00047159758	
hip_joints_comp.hip_adduction.KP  	1435.0262	1431.387	7.5822955	
hip_joints_comp.hip_adduction.KV  	1.6311773	1.5791894	0.032518128	
hip_joints_comp.hip_adduction.C0  	0.117867	0.11727713	0.00051070009	
