pelvis_tilt.offset                	-0.026222931	-0.026062337	0.00031039236	
pelvis_list.offset                	0.0080349978	0.0081511581	0.00035217543	
pelvis_rotation.offset            	0.01763036	0.017499297	0.00033231525	
pelvis_tz.offset                  	-0.16478716	-0.16464019	0.00036367197	
hip_flexion_r.offset              	-0.018251283	-0.01804222	0.00035502617	
hip_adduction_r.offset            	0.048290966	0.047931076	0.0003477601	
hip_rotation_r.offset             	-0.028371165	-0.028871231	0.00033966386	
knee_angle_r.offset               	0.026790663	0.027124451	0.00032828802	
ankle_angle_r.offset              	-0.058351911	-0.058412029	0.00035827307	
hip_flexion_l.offset              	-0.026612847	-0.026525148	0.0003618427	
hip_adduction_l.offset            	-0.07831287	-0.078300968	0.00033372198	
hip_rotation_l.offset             	-0.026047839	-0.025657044	0.00036380684	
knee_angle_l.offset               	-0.099071995	-0.099087473	0.00035746462	
ankle_angle_l.offset              	0.014893799	0.014837291	0.00035177501	
stance_load_threshold             	0.070011678	0.06974558	0.00035291054	
S11111.tib_ant.KL                 	0.52530172	0.53089318	0.0031849324	
S11111.tib_ant.L0                 	0.6111544	0.6117114	0.00036685577	
S11111.tib_ant-soleus.KF          	-0.25536244	-0.25524339	0.00033873806	
S00110.soleus.KF                  	1.4895239	1.4848255	0.0030004139	
S00111.gastroc.KF                 	1.2642879	1.2608436	0.0025508329	
S00011.vasti.KF                   	0.94536026	0.94698498	0.0028011007	
S00011.vasti.C0                   	0.010067671	0.0098550309	0.00020108849	
S00011.vasti-knee_angle.pos_max   	-0.26205567	-0.26207396	0.00035654395	
S00011.hamstrings-pelvis_tilt.KP  	3.0740675	3.0731706	0.0038645494	
S00011.hamstrings-pelvis_tilt.KV  	0.16525484	0.16542217	0.00034987859	
S00011.hamstrings-pelvis_tilt.C0  	0.12102843	0.12150598	0.00034111581	
S00011.glut_max-pelvis_tilt.KP    	0.76263148	0.77036728	0.0034964208	
S00011.glut_max-pelvis_tilt.KV    	0.14001778	0.13968697	0.00033370802	
S00011.glut_max-pelvis_tilt.C0    	-0.029687241	-0.029355097	0.00032429463	
S00011.iliopsoas-pelvis_tilt.KP   	-2.4097226	-2.4113836	0.0037142703	
S00011.iliopsoas-pelvis_tilt.KV   	-0.1500884	-0.15049477	0.00033898794	
S00011.iliopsoas-pelvis_tilt.C0   	-0.10008921	-0.10026907	0.00037415502	
S00100.iliopsoas.C0               	0.37564433	0.37568976	0.00036277474	
S00100.glut_max.C0                	-0.25900172	-0.25915172	0.00032701079	
S00100.rect_fem.KL                	1.0178708	1.0184035	0.00035286747	
S00100.rect_fem.L0                	1.3456836	1.3438137	0.0043177754	
S01000.bifemsh.KL                 	0.88748169	0.88197347	0.0033443534	
S01000.bifemsh.L0                 	0.66390616	0.66209124	0.0027981388	
S11000.iliopsoas.KL               	0.42925881	0.42951653	0.00034685813	
S11000.iliopsoas.L0               	0.53840213	0.53862227	0.00034760676	
S11000.iliopsoas-pelvis_tilt.P0   	-0.03105414	-0.030903817	0.00034377453	
S11000.iliopsoas-pelvis_tilt.KP   	0.72832567	0.72753836	0.0034620849	
S11000.iliopsoas-pelvis_tilt.KV   	0.15353461	0.15332425	0.0003443042	
S11000.iliopsoas-hamstrings.KL    	-1.7407845	-1.7491141	0.013365494	
S11000.iliopsoas-hamstrings.L0    	1.1504787	1.1505123	0.00035945684	
S11000.hamstrings.KF              	0.79257613	0.79214446	0.00032965255	
S11000.glut_max.KF                	0.28834685	0.28849263	0.00035194187	
hip_joints_comp.pelvis_list.KP    	383.21253	381.86532	0.98647678	
hip_joints_comp.pelvis_list.KV    	28.690981	28.522626	0.090904462	
hip_joints_comp.pelvis_list.C0    	0.16342141	0.16283008	0.00034592828	
hip_joints_comp.pelvis_rotation.KP	57.888984	57.791769	0.15463795	
hip_joints_comp.pelvis_rotation.KV	1.3238842	1.3031347	0.029972381	
hip_joints_comp.pelvis_rotation.C0	0.048637457	0.048411259	0.00033873432	
hip_joints_comp.hip_adduction.KP  	1417.0793	1420.684	5.2930869	
hip_joints_comp.hip_adduction.KV  	1.5442902	1.5146736	0.022901552	
hip_joints_comp.hip_adduction.C0  	0.11729293	0.11724307	0.00036252466	
