pelvis_tilt.offset                	-0.025588778	-0.025685119	0.00029847276	
pelvis_list.offset                	0.0086127675	0.0085140119	0.00033892855	
pelvis_rotation.offset            	0.017179111	0.017476748	0.0003154222	
pelvis_tz.offset                  	-0.16380035	-0.16370356	0.00035083283	
hip_flexion_r.offset              	-0.018033956	-0.018116429	0.00033883908	
hip_adduction_r.offset            	0.04783248	0.048302931	0.00033612206	
hip_rotation_r.offset             	-0.028884402	-0.028928072	0.00032833665	
knee_angle_r.offset               	0.0273291	0.026768429	0.00031349406	
ankle_angle_r.offset              	-0.059233051	-0.058745889	0.00034914313	
hip_flexion_l.offset              	-0.025898866	-0.025889282	0.00034777147	
hip_adduction_l.offset            	-0.077062997	-0.077848473	0.00032071084	
hip_rotation_l.offset             	-0.025896436	-0.025849148	0.00034826885	
knee_angle_l.offset               	-0.098885215	-0.09877555	0.00034371912	
ankle_angle_l.offset              	0.014492749	0.015049431	0.00033836767	
stance_load_threshold             	0.070817355	0.070316461	0.00033648778	
S11111.tib_ant.KL                 	0.51882232	0.52057046	0.0030965622	
S11111.tib_ant.L0                 	0.6128241	0.61185186	0.00035260366	
S11111.tib_ant-soleus.KF          	-0.25543865	-0.25582323	0.00032747858	
S00110.soleus.KF                  	1.4804158	1.4827024	0.0028929826	
S00111.gastroc.KF                 	1.2602668	1.2637466	0.0024635347	
S00011.vasti.KF                   	0.94658256	0.94565252	0.002697657	
S00011.vasti.C0                   	0.0097353879	0.0098745482	0.00019393828	
S00011.vasti-knee_angle.pos_max   	-0.26215522	-0.2619567	0.00034441391	
S00011.hamstrings-pelvis_tilt.KP  	3.0728981	3.0730185	0.0036682901	
S00011.hamstrings-pelvis_tilt.KV  	0.16548412	0.16569348	0.00033365975	
S00011.hamstrings-pelvis_tilt.C0  	0.12135043	0.12108701	0.00032766098	
S00011.glut_max-pelvis_tilt.KP    	0.77911911	0.7761955	0.0034045207	
S00011.glut_max-pelvis_tilt.KV    	0.13878982	0.1390756	0.00032038842	
S00011.glut_max-pelvis_tilt.C0    	-0.030868325	-0.03057513	0.00031253347	
S00011.iliopsoas-pelvis_tilt.KP   	-2.4151835	-2.413057	0.0035773014	
S00011.iliopsoas-pelvis_tilt.KV   	-0.15054783	-0.1504404	0.00032620796	
S00011.iliopsoas-pelvis_tilt.C0   	-0.10101507	-0.10054996	0.0003567603	
S00100.iliopsoas.C0               	0.37613632	0.37530306	0.00034850418	
S00100.glut_max.C0                	-0.25914724	-0.25872004	0.00031571641	
S00100.rect_fem.KL                	1.0189683	1.0186502	0.00033812563	
S00100.rect_fem.L0                	1.3604392	1.3533232	0.0042097847	
S01000.bifemsh.KL                 	0.88712275	0.88606694	0.003230643	
S01000.bifemsh.L0                 	0.66077275	0.66261591	0.0026702689	
S11000.iliopsoas.KL               	0.42962119	0.429491	0.00033263435	
S11000.iliopsoas.L0               	0.53766982	0.53806288	0.00033687357	
S11000.iliopsoas-pelvis_tilt.P0   	-0.030550346	-0.030679415	0.0003273645	
S11000.iliopsoas-pelvis_tilt.KP   	0.72130904	0.72552393	0.0033192341	
S11000.iliopsoas-pelvis_tilt.KV   	0.15268716	0.15321428	0.00032696877	
S11000.iliopsoas-hamstrings.KL    	-1.7626827	-1.7420653	0.012893484	
S11000.iliopsoas-hamstrings.L0    	1.1505624	1.1507551	0.00034372964	
S11000.hamstrings.KF              	0.79193196	0.79221854	0.00031678142	
S11000.glut_max.KF                	0.28839038	0.28842922	0.00034257524	
hip_joints_comp.pelvis_list.KP    	381.64613	381.08275	0.94913812	
hip_joints_comp.pelvis_list.KV    	28.30242	28.357897	0.089099321	
hip_joints_comp.pelvis_list.C0    	0.16309893	0.16347848	0.00033131607	
hip_joints_comp.pelvis_rotation.KP	58.160762	58.120051	0.15026079	
hip_joints_comp.pelvis_rotation.KV	1.3326587	1.3127642	0.028731989	
hip_joints_comp.pelvis_rotation.C0	0.048231256	0.048698546	0.00032279118	
hip_joints_comp.hip_adduction.KP  	1412.3957	1418.1287	5.0404142	
hip_joints_comp.hip_adduction.KV  	1.5295089	1.4916225	0.02194531	
hip_joints_comp.hip_adduction.C0  	0.11652034	0.11690715	0.00034382012	
