pelvis_tilt.offset                	-0.0262772	-0.025920613	0.0002841997	
pelvis_list.offset                	0.008693358	0.008669096	0.00032955364	
pelvis_rotation.offset            	0.017461545	0.017547209	0.00029850301	
pelvis_tz.offset                  	-0.16453711	-0.16429336	0.00033604267	
hip_flexion_r.offset              	-0.019241825	-0.019323944	0.00032979807	
hip_adduction_r.offset            	0.04782779	0.047959087	0.00031890033	
hip_rotation_r.offset             	-0.027818217	-0.027984247	0.00031612491	
knee_angle_r.offset               	0.027444473	0.027177963	0.00030694319	
ankle_angle_r.offset              	-0.05882668	-0.059391904	0.00034311489	
hip_flexion_l.offset              	-0.025633848	-0.025430831	0.00035084188	
hip_adduction_l.offset            	-0.076671902	-0.076635133	0.00031666568	
hip_rotation_l.offset             	-0.025517553	-0.025592114	0.00033657232	
knee_angle_l.offset               	-0.09859224	-0.098826974	0.00033048305	
ankle_angle_l.offset              	0.014035539	0.014824265	0.00032875039	
stance_load_threshold             	0.069821588	0.069876922	0.00032325774	
S11111.tib_ant.KL                 	0.52159466	0.52028314	0.0030264666	
S11111.tib_ant.L0                 	0.61325794	0.61328136	0.00034750762	
S11111.tib_ant-soleus.KF          	-0.25629349	-0.25520785	0.00031518483	
S00110.soleus.KF                  	1.4841892	1.4787411	0.002816436	
S00111.gastroc.KF                 	1.2652769	1.2687876	0.0023547482	
S00011.vasti.KF                   	0.94847638	0.94745622	0.0026476619	
S00011.vasti.C0                   	0.0096670111	0.0097784039	0.00018440788	
S00011.vasti-knee_angle.pos_max   	-0.26148681	-0.26113627	0.00033020094	
S00011.hamstrings-pelvis_tilt.KP  	3.0687012	3.0648347	0.0035398901	
S00011.hamstrings-pelvis_tilt.KV  	0.16595529	0.16668405	0.00032968386	
S00011.hamstrings-pelvis_tilt.C0  	0.12059084	0.12123047	0.00031514983	
S00011.glut_max-pelvis_tilt.KP    	0.78319722	0.78438253	0.0033123369	
S00011.glut_max-pelvis_tilt.KV    	0.13900836	0.13877801	0.00031247903	
S00011.glut_max-pelvis_tilt.C0    	-0.030350745	-0.03027929	0.00030292658	
S00011.iliopsoas-pelvis_tilt.KP   	-2.3979345	-2.3993522	0.003557074	
S00011.iliopsoas-pelvis_tilt.KV   	-0.1504576	-0.1504876	0.00031278054	
S00011.iliopsoas-pelvis_tilt.C0   	-0.099663123	-0.099456142	0.00034956593	
S00100.iliopsoas.C0               	0.37552343	0.37592028	0.00033604104	
S00100.glut_max.C0                	-0.25809593	-0.25812434	0.00030708994	
S00100.rect_fem.KL                	1.0180765	1.0184583	0.0003261313	
S00100.rect_fem.L0                	1.3504879	1.3508498	0.0040701296	
S01000.bifemsh.KL                 	0.88348102	0.88289046	0.0031198077	
S01000.bifemsh.L0                 	0.66898253	0.66664217	0.0025492209	
S11000.iliopsoas.KL               	0.4293241	0.4296176	0.00031771965	
S11000.iliopsoas.L0               	0.53734071	0.53710123	0.00033430337	
S11000.iliopsoas-pelvis_tilt.P0   	-0.031386611	-0.031484202	0.00031511542	
S11000.iliopsoas-pelvis_tilt.KP   	0.71707185	0.71970463	0.0032168961	
S11000.iliopsoas-pelvis_tilt.KV   	0.15339631	0.15284823	0.00031507917	
S11000.iliopsoas-hamstrings.KL    	-1.7504741	-1.7554278	0.012465323	
S11000.iliopsoas-hamstrings.L0    	1.1504243	1.1504202	0.00033050876	
S11000.hamstrings.KF              	0.79220344	0.79202027	0.00030470788	
S11000.glut_max.KF                	0.28819967	0.28786483	0.00033386291	
hip_joints_comp.pelvis_list.KP    	381.38975	381.04886	0.91482758	
hip_joints_comp.pelvis_list.KV    	28.194597	28.301358	0.084464376	
hip_joints_comp.pelvis_list.C0    	0.16288929	0.16250621	0.00031834261	
hip_joints_comp.pelvis_rotation.KP	58.257632	58.183334	0.14615786	
hip_joints_comp.pelvis_rotation.KV	1.3215702	1.2897727	0.027871958	
hip_joints_comp.pelvis_rotation.C0	0.048463605	0.048504417	0.00030997419	
hip_joints_comp.hip_adduction.KP  	1418.7015	1425.0896	4.8137868	
hip_joints_comp.hip_adduction.KV  	1.5010472	1.4749457	0.020954673	
hip_joints_comp.hip_adduction.C0  	0.11741913	0.11731839	0.00033044252	
