pelvis_tilt.offset                	-0.028125059	-0.028402695	0.00056794512	
pelvis_list.offset                	0.019975642	0.019774325	0.00066775308	
pelvis_rotation.offset            	0.029932365	0.031035085	0.0005992406	
pelvis_tz.offset                  	-0.16075021	-0.16050572	0.00060511938	
hip_flexion_r.offset              	-0.050869816	-0.049526283	0.00055084967	
hip_adduction_r.offset            	0.034036955	0.034011135	0.00054863241	
hip_rotation_r.offset             	0.0013601126	0.00091374565	0.00059440356	
knee_angle_r.offset               	0.020188422	0.020054084	0.00058549067	
ankle_angle_r.offset              	-0.058299592	-0.058472113	0.00059358297	
hip_flexion_l.offset              	-0.046828738	-0.047921705	0.00055439469	
hip_adduction_l.offset            	-0.093747455	-0.093544979	0.0006573781	
hip_rotation_l.offset             	-0.0084765963	-0.0087644031	0.00053057729	
knee_angle_l.offset               	-0.11738714	-0.11826622	0.00065612724	
ankle_angle_l.offset              	-0.0084128149	-0.0080174968	0.00065504796	
stance_load_threshold             	0.075105485	0.074273822	0.00061906068	
S11111.tib_ant.KL                 	0.45587699	0.45141073	0.00407913	
S11111.tib_ant.L0                 	0.61513178	0.61432198	0.00076031871	
S11111.tib_ant-soleus.KF          	-0.25940797	-0.25851209	0.0006083326	
S00110.soleus.KF                  	1.1903317	1.5396647	0.17218679	
S00111.gastroc.KF                 	1.4632035	1.464907	0.002694963	
S00011.vasti.KF                   	0.88702036	0.88208536	0.0045439328	
S00011.vasti.C0                   	0.014499527	0.014363869	0.00027450432	
S00011.vasti-knee_angle.pos_max   	-0.24208887	-0.242209	0.00061229569	
S00011.hamstrings-pelvis_tilt.KP  	2.8215329	2.8156344	0.0057111348	
S00011.hamstrings-pelvis_tilt.KV  	0.17722999	0.17738576	0.00058797319	
S00011.hamstrings-pelvis_tilt.C0  	0.10746941	0.10771422	0.00054488093	
S00011.glut_max-pelvis_tilt.KP    	1.0667926	1.0595219	0.006455148	
S00011.glut_max-pelvis_tilt.KV    	0.14097824	0.14057756	0.00062727759	
S00011.glut_max-pelvis_tilt.C0    	-0.04444607	-0.043626183	0.00066713484	
S00011.iliopsoas-pelvis_tilt.KP   	-2.862613	-2.8678219	0.0064001436	
S00011.iliopsoas-pelvis_tilt.KV   	-0.1872718	-0.18774475	0.00067952473	
S00011.iliopsoas-pelvis_tilt.C0   	-0.071264715	-0.071679476	0.00057478225	
S00100.iliopsoas.C0               	0.39306913	0.3936197	0.00064972497	
S00100.glut_max.C0                	-0.28743004	-0.2886849	0.00066356448	
S00100.rect_fem.KL                	0.010866037	0.99611938	1.245513	
S00100.rect_fem.L0                	0.41179188	0.41216615	0.00057664015	
S01000.bifemsh.KL                 	0.71636594	0.70962409	0.006378645	
S01000.bifemsh.L0                 	0.61736714	0.61730893	0.00061997766	
S11000.iliopsoas.KL               	0.42341782	0.42274266	0.00063372378	
S11000.iliopsoas.L0               	0.4873761	0.48761325	0.00055978436	
S11000.iliopsoas-pelvis_tilt.P0   	-0.055460474	-0.055134672	0.00055848587	
S11000.iliopsoas-pelvis_tilt.KP   	0.46277623	0.44915478	0.005834028	
S11000.iliopsoas-pelvis_tilt.KV   	0.17734478	0.17674732	0.00060575498	
S11000.iliopsoas-hamstrings.KL    	-3.356058	-3.3568787	0.022909263	
S11000.iliopsoas-hamstrings.L0    	1.1603852	1.1607216	0.00076855779	
S11000.hamstrings.KF              	0.78235755	0.78188961	0.00055385262	
S11000.glut_max.KF                	0.27215528	0.27270566	0.0006043772	
hip_joints_comp.pelvis_list.KP    	393.68373	395.4442	1.0549132	
hip_joints_comp.pelvis_list.KV    	26.526194	26.332306	0.16255947	
hip_joints_comp.pelvis_list.C0    	0.17882714	0.17904722	0.00073073187	
hip_joints_comp.pelvis_rotation.KP	64.942241	64.353562	0.27474361	
hip_joints_comp.pelvis_rotation.KV	0.69042844	0.68368109	0.053648741	
hip_joints_comp.pelvis_rotation.C0	0.044908771	0.044116779	0.00063408139	
hip_joints_comp.hip_adduction.KP  	1405.1155	1405.5002	7.2729499	
hip_joints_comp.hip_adduction.KV  	1.1886569	1.1297691	0.039188451	
hip_joints_comp.hip_adduction.C0  	0.13086282	0.12951878	0.00061001117	
